0.368687
0.311891
0.262882
0.227832
0.220083
0.186173
0.157965
0.15526
0.158915
0.17353
0.168349
0.167173
0.186558
0.168472
0.156615
0.142585
0.138056
0.129998
0.127421
0.119493
0.11967
0.120077
0.136533
0.144463
0.146397
0.142935
0.134455
0.135298
0.136875
0.132914
0.13887
0.153809
0.160663
0.168933
0.163692
0.176356
0.162799
0.150582
0.141791
0.157007
0.168535
0.153127
0.145355
0.14377
0.141906
0.139948
0.138551
0.131637
0.134895
0.14703
0.145984
0.151382
0.157423
0.154678
0.168969
0.175298
0.195336
0.213503
0.200959
0.206245
0.225847
0.251631
0.274859
0.320581
0.305564
0.265545
0.234502
0.195097
0.174164
0.151588
0.146027
0.145783
0.140192
0.146184
0.149609
0.146469
0.157317
0.150221
0.135456
0.127129
0.115751
0.114683
0.120475
0.113063
0.101875
0.102867
0.111341
0.112335
0.123883
0.127865
0.113595
0.109425
0.110396
0.110511
0.122935
0.13513
0.136828
0.154836
0.154442
0.147882
0.145092
0.141663
0.130382
0.137685
0.138926
0.131782
0.123077
0.114537
0.123627
0.115391
0.12085
0.109175
0.122485
0.137346
0.135925
0.130381
0.13563
0.136986
0.14102
0.149153
0.168255
0.178228
0.174589
0.175541
0.195065
0.212992
0.233596
0.275523
0.272226
0.234796
0.199615
0.166304
0.146447
0.13573
0.131957
0.132195
0.131353
0.127986
0.129302
0.124519
0.132158
0.133255
0.122992
0.113902
0.110488
0.108428
0.103463
0.102005
0.0978821
0.0967221
0.0978278
0.0989535
0.104855
0.103435
0.100253
0.0966529
0.0983681
0.0991123
0.0974956
0.109184
0.117651
0.14269
0.142069
0.135508
0.139244
0.131605
0.129934
0.125437
0.121904
0.110267
0.103691
0.0970001
0.104246
0.102807
0.104258
0.102641
0.108077
0.121863
0.118011
0.121105
0.122169
0.121678
0.127822
0.13343
0.14523
0.144933
0.144578
0.140576
0.16268
0.185984
0.208988
0.244809
0.221142
0.192737
0.166943
0.152461
0.138363
0.127572
0.121907
0.125879
0.123217
0.120488
0.119924
0.120021
0.114848
0.103087
0.109612
0.106697
0.10863
0.100678
0.0951754
0.0923334
0.0931618
0.0940359
0.0962884
0.0950788
0.089985
0.0926421
0.0926307
0.0936397
0.0922792
0.0908193
0.0944673
0.0963077
0.103316
0.119941
0.129709
0.124957
0.118777
0.11939
0.115963
0.111693
0.107535
0.10817
0.100959
0.0899335
0.0836193
0.0904441
0.0916756
0.0952479
0.106747
0.104898
0.106195
0.117132
0.115254
0.111213
0.109851
0.117757
0.13117
0.131487
0.132446
0.134274
0.148598
0.17247
0.191744
0.215563
0.18081
0.167525
0.150914
0.142597
0.130931
0.121869
0.112705
0.103337
0.104213
0.105473
0.104687
0.100622
0.0937165
0.0960868
0.091541
0.0978097
0.0952029
0.0875168
0.0827381
0.0848839
0.0873394
0.0868997
0.0945644
0.0911666
0.0796696
0.0798586
0.0832914
0.0861869
0.0825368
0.0863926
0.0900452
0.0870303
0.0910656
0.109705
0.120705
0.115355
0.115113
0.105892
0.0952022
0.100909
0.104179
0.106453
0.0898884
0.0796663
0.0794553
0.078828
0.0840622
0.0870475
0.0975817
0.0960521
0.0965188
0.0996833
0.0980517
0.102503
0.10139
0.0995244
0.107555
0.118383
0.120697
0.126891
0.14851
0.162564
0.177422
0.205651
0.172791
0.159961
0.14478
0.128839
0.114374
0.110556
0.105825
0.0899036
0.0901977
0.0947057
0.0993075
0.100002
0.0936314
0.0911047
0.0870318
0.0841801
0.0792458
0.0773585
0.0854597
0.0858701
0.088851
0.0929962
0.0957642
0.080852
0.0724983
0.077443
0.0773065
0.0785616
0.0844075
0.0866477
0.0878414
0.0868778
0.0870646
0.101638
0.114408
0.112383
0.11042
0.105004
0.101549
0.103419
0.0936697
0.0958235
0.0866359
0.0775875
0.0725984
0.0726106
0.0717688
0.0753345
0.0837562
0.0903334
0.0983126
0.0948055
0.0902648
0.0919147
0.0959534
0.0996038
0.103457
0.108163
0.112783
0.12232
0.13557
0.15949
0.170302
0.20144
0.167503
0.148354
0.131492
0.120837
0.107027
0.106829
0.102995
0.0911825
0.0865365
0.0889309
0.0892043
0.0923117
0.0914664
0.0812255
0.0764952
0.0672719
0.0672988
0.0733573
0.0806897
0.0869123
0.0915506
0.0850647
0.0822718
0.0790558
0.0757288
0.0789879
0.0762545
0.0755646
0.0794547
0.0818999
0.0851342
0.0859567
0.0915062
0.0993072
0.105727
0.107753
0.101143
0.0997543
0.0976715
0.0961806
0.0881061
0.0829247
0.0842669
0.0841071
0.0727235
0.06743
0.0707003
0.074098
0.0829559
0.0918527
0.0918642
0.0876053
0.0839129
0.0889517
0.0913519
0.100447
0.105702
0.100237
0.115118
0.126526
0.143015
0.159111
0.181245
0.208818
0.15136
0.133391
0.121385
0.110612
0.104716
0.106668
0.100534
0.0868094
0.083927
0.0890128
0.0911599
0.093798
0.0884207
0.0815131
0.0795114
0.0758602
0.0701357
0.0732356
0.0800301
0.0856958
0.0824081
0.0755782
0.0725213
0.0751259
0.073876
0.077217
0.0733367
0.0716546
0.0695799
0.0732509
0.0758184
0.0791204
0.0813264
0.0919948
0.0944085
0.104749
0.102554
0.101903
0.0914148
0.0913284
0.0825511
0.0774431
0.0798617
0.0784564
0.07631
0.0742987
0.0779142
0.0803736
0.0874278
0.0921075
0.0869124
0.0801641
0.0776546
0.0937243
0.0953789
0.0917232
0.0970454
0.102635
0.107957
0.116452
0.139182
0.167525
0.191042
0.206429
0.159712
0.13024
0.115044
0.111966
0.111402
0.108951
0.1018
0.0843257
0.0821512
0.0900413
0.0852201
0.092167
0.0899941
0.084905
0.0872857
0.0815375
0.0777922
0.0764537
0.0817817
0.0829794
0.0911288
0.0863758
0.0861955
0.0803285
0.0790736
0.0785281
0.0829691
0.0761906
0.0781873
0.073739
0.0769699
0.073516
0.0706132
0.0725201
0.0832419
0.0923878
0.0953319
0.0913693
0.0865077
0.083751
0.0847095
0.076324
0.0746453
0.068653
0.0717128
0.0750277
0.0728275
0.0780253
0.0841296
0.0833124
0.0849468
0.0833858
0.0868286
0.0991653
0.0929716
0.0949808
0.0930205
0.0949656
0.104885
0.122784
0.134279
0.155667
0.178781
0.190815
0.161737
0.14032
0.118006
0.11581
0.105567
0.103682
0.095245
0.0801069
0.0851392
0.0875587
0.0913719
0.0966211
0.0922065
0.0870525
0.092077
0.0914076
0.0863411
0.0801207
0.0786554
0.0805196
0.0903592
0.091258
0.0908785
0.0919343
0.0868186
0.0831356
0.0856057
0.0780902
0.077764
0.0758065
0.0755998
0.0715039
0.071916
0.0704572
0.0713245
0.0777141
0.0884729
0.0809744
0.0770295
0.0797897
0.0833576
0.0735187
0.0655099
0.0610188
0.0688821
0.0765907
0.0795383
0.0769675
0.0778835
0.0811974
0.087609
0.0856795
0.092511
0.0961547
0.0956439
0.0905118
0.0883153
0.084163
0.0901765
0.102665
0.125454
0.145513
0.162279
0.176343
0.156932
0.137188
0.123854
0.102094
0.0942967
0.0938253
0.0823259
0.0790207
0.0783941
0.0820695
0.0953671
0.0961082
0.0938937
0.0816383
0.0924812
0.0866257
0.0835929
0.0837638
0.0801916
0.0830658
0.096427
0.101213
0.0984856
0.0971454
0.0980553
0.0989317
0.0883269
0.0806944
0.0781772
0.0802443
0.0827964
0.0757007
0.0684492
0.0680753
0.0669993
0.0647625
0.0750965
0.0779305
0.0715394
0.0751305
0.0771311
0.0684884
0.0688229
0.0665924
0.0698466
0.073519
0.0758457
0.0751265
0.0776946
0.0790584
0.0848456
0.086804
0.090321
0.0966384
0.0931806
0.0810285
0.0811889
0.0822214
0.0817179
0.092384
0.108142
0.13255
0.146335
0.159919
0.153305
0.13779
0.116336
0.104348
0.0878628
0.0851561
0.0784141
0.0763533
0.0728843
0.076887
0.0835454
0.0865234
0.0895913
0.0879033
0.0909972
0.077866
0.0809281
0.08405
0.0885623
0.0917685
0.0957279
0.094846
0.104402
0.103261
0.10097
0.0983344
0.103922
0.0897422
0.0799767
0.0753917
0.0730129
0.0684435
0.0694708
0.0680202
0.0682194
0.0713457
0.0740412
0.0750897
0.0743139
0.0706515
0.073195
0.0778302
0.0708879
0.0717868
0.0676625
0.0675401
0.0729859
0.068591
0.0692927
0.0733279
0.0945297
0.0949356
0.0983858
0.0967813
0.0929274
0.0876589
0.0841527
0.0848256
0.0841743
0.0886132
0.103797
0.117925
0.133696
0.151802
0.160821
0.130811
0.112367
0.103045
0.0939432
0.0839687
0.085402
0.0819036
0.07374
0.0803904
0.0791649
0.0798866
0.0776295
0.0793046
0.0791656
0.0784792
0.0828787
0.088414
0.0949961
0.095221
0.0942818
0.0889188
0.102483
0.102796
0.102299
0.1082
0.107608
0.0979488
0.0895943
0.0852347
0.0764184
0.0709626
0.0695827
0.0676917
0.0660599
0.0749719
0.0744201
0.069117
0.0770143
0.0685351
0.0683484
0.0677594
0.0717215
0.0770175
0.0684116
0.0681147
0.0692407
0.0728788
0.078623
0.0801016
0.0904714
0.0940263
0.096075
0.0929455
0.0916928
0.0899859
0.0895974
0.0905428
0.0946685
0.101058
0.103725
0.110453
0.123407
0.138592
0.183072
0.132606
0.114023
0.103199
0.102178
0.0830264
0.0824081
0.0786512
0.0781573
0.0828667
0.083306
0.0756837
0.0720636
0.0729379
0.0763882
0.0740863
0.0836338
0.0899381
0.0836169
0.0843182
0.0843946
0.0859562
0.100565
0.108691
0.102429
0.106562
0.107518
0.100596
0.0895648
0.0840799
0.0775511
0.0669332
0.0683824
0.0699901
0.0705217
0.0761956
0.0756533
0.0703359
0.0753057
0.0710878
0.066228
0.0679183
0.0684958
0.0758813
0.0661698
0.0704148
0.0693282
0.0752532
0.0798494
0.080235
0.083083
0.0973488
0.0967353
0.0960977
0.0954994
0.1076
0.0955504
0.0960506
0.0961769
0.106959
0.0986032
0.108203
0.119567
0.131862
0.165331
0.142499
0.120862
0.102921
0.0980025
0.0860868
0.0874485
0.0836182
0.0746776
0.0815176
0.0829397
0.0758885
0.0806063
0.0825647
0.0779213
0.079724
0.080513
0.0871935
0.0842156
0.0856918
0.0908881
0.0919691
0.096469
0.105123
0.106946
0.111743
0.108829
0.103101
0.0942375
0.0911282
0.0765843
0.0686258
0.0640308
0.0720031
0.0689325
0.0762904
0.0799749
0.0781003
0.07704
0.0700025
0.0735441
0.0726616
0.0698246
0.0762737
0.0728331
0.0715136
0.0771809
0.0786388
0.0813366
0.0836503
0.0896668
0.0926044
0.0949704
0.100669
0.100217
0.105382
0.104587
0.0937042
0.0941428
0.103529
0.101725
0.11219
0.122078
0.143011
0.167904
0.142332
0.119045
0.103688
0.0977808
0.0918573
0.0853757
0.0850434
0.0793391
0.0849621
0.0813986
0.0785182
0.0806547
0.0842073
0.075919
0.0811998
0.0781623
0.0833612
0.0858588
0.0874335
0.0852129
0.0834358
0.0864019
0.0978313
0.0981138
0.0972191
0.10155
0.0986435
0.0917102
0.0881918
0.0792151
0.0660877
0.063569
0.0677193
0.0720406
0.0826591
0.0832083
0.0888531
0.0799504
0.079744
0.0798965
0.0816976
0.0755104
0.0778302
0.0755985
0.0716002
0.080665
0.0867248
0.0820347
0.0823496
0.0890013
0.0892237
0.0931274
0.0973922
0.09566
0.0989017
0.10504
0.101557
0.0988884
0.107674
0.119803
0.116319
0.12623
0.14985
0.168907
0.150542
0.120451
0.112985
0.100907
0.0970028
0.093132
0.0781543
0.0787036
0.0817899
0.0830402
0.0822302
0.0865429
0.0889125
0.0882908
0.085521
0.0874818
0.0925355
0.0921587
0.0878316
0.0855011
0.0821759
0.0875607
0.0973282
0.095017
0.0920643
0.0938068
0.0926388
0.0888982
0.0838522
0.0734039
0.063924
0.0647749
0.0725595
0.0765941
0.0825502
0.0971576
0.0950979
0.0878722
0.0842611
0.0815178
0.0783112
0.0788288
0.0736985
0.0729818
0.070121
0.074879
0.0844679
0.0804834
0.0730798
0.0818654
0.0866959
0.0987615
0.0907382
0.0866288
0.0902276
0.0942534
0.102123
0.100833
0.10942
0.125709
0.120586
0.12957
0.146782
0.169987
0.141013
0.124962
0.110394
0.09993
0.0939308
0.0990961
0.0871774
0.0811324
0.0889032
0.0870994
0.0858229
0.0888885
0.0955539
0.0912808
0.0936404
0.0944391
0.0964867
0.0879277
0.0908917
0.0866387
0.0794109
0.0858221
0.0929683
0.096209
0.0944592
0.0995941
0.09069
0.0904302
0.079887
0.0684997
0.0652546
0.0631619
0.0724835
0.0852872
0.0860095
0.0960498
0.0914712
0.0890304
0.0872212
0.0837336
0.0846255
0.0829835
0.0752629
0.0750383
0.0771169
0.0733537
0.0742869
0.0726958
0.0666635
0.0791291
0.08241
0.0892243
0.0792925
0.0773306
0.0886337
0.101981
0.105713
0.0988168
0.0997977
0.111152
0.110982
0.116126
0.138439
0.155672
0.133843
0.114492
0.106519
0.095341
0.0888525
0.0925912
0.0855056
0.0784158
0.0866329
0.0892206
0.0894194
0.0945172
0.0917448
0.0947216
0.0889348
0.0947548
0.0958205
0.0962628
0.0914561
0.0922294
0.0895787
0.0914453
0.0970183
0.101477
0.0931423
0.0862363
0.0748039
0.0775615
0.0701223
0.0631913
0.059664
0.0671569
0.0671906
0.0791373
0.0839768
0.0922622
0.0925175
0.090796
0.0858528
0.0799652
0.0837143
0.0890116
0.0849456
0.0825568
0.0822309
0.077671
0.0758537
0.07046
0.0671109
0.0760942
0.0800497
0.0810744
0.0807574
0.0872235
0.0947229
0.100764
0.0994913
0.0965255
0.0905036
0.101374
0.108529
0.120548
0.130658
0.167196
0.143698
0.135215
0.113988
0.0937973
0.0866384
0.0912698
0.0914896
0.0883612
0.0902854
0.0931624
0.100552
0.101888
0.0950826
0.0899334
0.0833689
0.0879463
0.0895953
0.0909932
0.0866266
0.0921912
0.096855
0.101188
0.10196
0.105368
0.097026
0.0846573
0.0748855
0.0675437
0.0629589
0.0635419
0.062757
0.0656346
0.0740123
0.0753883
0.0808429
0.0910352
0.0889283
0.0838938
0.0837547
0.0794277
0.0769075
0.0875516
0.0877183
0.0888529
0.0839287
0.0791057
0.0811712
0.0760717
0.0712003
0.0732627
0.0763685
0.0832379
0.0920238
0.0996554
0.102991
0.104875
0.102917
0.0871281
0.0834852
0.0984206
0.103067
0.11484
0.130722
0.164656
0.147845
0.134584
0.11223
0.0909237
0.083296
0.0844363
0.0883365
0.0875151
0.0950534
0.0966761
0.0937989
0.0943335
0.0921018
0.0874527
0.079814
0.0766888
0.0777965
0.0812561
0.0767853
0.0907328
0.109329
0.111133
0.10735
0.0995412
0.0939935
0.0850944
0.0749481
0.0664703
0.0630714
0.0650078
0.0648688
0.0705427
0.0802918
0.079466
0.0806621
0.0794743
0.0871967
0.0788454
0.0719277
0.0766802
0.0727313
0.0748299
0.0791208
0.0874046
0.084931
0.0829327
0.0861989
0.0765967
0.0708825
0.073379
0.0830706
0.088657
0.0941507
0.100084
0.108667
0.10666
0.104754
0.0924868
0.0917688
0.0997936
0.114527
0.127129
0.142808
0.153477
0.13379
0.114653
0.094362
0.084661
0.0767498
0.0809516
0.0873766
0.0858364
0.0881729
0.0955082
0.0947158
0.0959892
0.0944656
0.09661
0.0925126
0.0870382
0.0803365
0.08728
0.0827973
0.0873522
0.0993957
0.110632
0.106618
0.098081
0.0953117
0.0977437
0.080825
0.0642956
0.0637415
0.0679853
0.0753751
0.0765799
0.0829229
0.0923209
0.0821575
0.0765257
0.0740098
0.0756634
0.0703259
0.0730246
0.0701707
0.0707812
0.0706006
0.0791776
0.0806833
0.0830702
0.0816143
0.0734453
0.0747101
0.0802266
0.0816476
0.0872939
0.097552
0.102385
0.103816
0.100072
0.104523
0.0919689
0.0922572
0.0928845
0.11469
0.139755
0.161997
0.140384
0.120909
0.105596
0.0884112
0.0812169
0.0773495
0.0790682
0.087609
0.0840116
0.0896092
0.0937223
0.0917838
0.0982097
0.097919
0.0991069
0.10362
0.0911224
0.0822453
0.0805637
0.0824468
0.0790656
0.0874675
0.0893793
0.0915747
0.0932762
0.0866441
0.0863307
0.0752271
0.0739857
0.0745432
0.0725194
0.0789731
0.0847379
0.0825801
0.0920009
0.0877787
0.0791852
0.0760994
0.0705376
0.072769
0.0800844
0.0766948
0.0662119
0.068023
0.0719512
0.0724157
0.0779226
0.0815648
0.0706365
0.0698489
0.0716866
0.0752498
0.0848626
0.0962423
0.0962483
0.109062
0.105173
0.0982858
0.0992303
0.102661
0.102966
0.120627
0.144309
0.161111
0.136644
0.111615
0.10506
0.0876752
0.0857361
0.0758952
0.0837847
0.0942449
0.0931589
0.0878464
0.0911868
0.0911244
0.0895022
0.0915972
0.0973363
0.0972271
0.088321
0.0820186
0.0834103
0.0793241
0.0725551
0.0747166
0.0814465
0.0889897
0.0886175
0.0831998
0.0789701
0.0779175
0.0792453
0.0827719
0.084227
0.0831179
0.0847937
0.0815023
0.0879403
0.0906375
0.0835026
0.0788521
0.0801849
0.0816267
0.0793639
0.0793444
0.0759022
0.0736476
0.0741678
0.0759574
0.0774385
0.0781687
0.0751432
0.0743807
0.0755658
0.076097
0.0764594
0.0863793
0.090628
0.110309
0.108001
0.101891
0.108457
0.10871
0.117205
0.127323
0.141387
0.153881
0.130179
0.110459
0.108142
0.0945421
0.0866721
0.0814394
0.0875256
0.0962447
0.0901525
0.0895082
0.0890191
0.0862127
0.0882744
0.0888958
0.0932533
0.0877639
0.085722
0.0752066
0.0801213
0.077239
0.0725224
0.0710027
0.0712481
0.0799787
0.0834594
0.0892751
0.0873298
0.0864041
0.0862253
0.0930038
0.0921079
0.0889725
0.0880407
0.0880856
0.0870122
0.0773752
0.083581
0.0851111
0.0898022
0.0847584
0.0825313
0.0779519
0.0794836
0.0796814
0.0808949
0.0796949
0.0735079
0.0783438
0.0793924
0.0808684
0.0777532
0.0787085
0.0821987
0.0828132
0.0889654
0.101776
0.109877
0.104975
0.102818
0.109816
0.117416
0.126926
0.14578
0.172404
0.135374
0.115978
0.0989233
0.0942429
0.0854158
0.0845772
0.09502
0.0913798
0.0897981
0.097589
0.0928284
0.0865409
0.0822157
0.0855958
0.096182
0.0922671
0.0890797
0.0855538
0.0858048
0.0878206
0.0780642
0.0732631
0.0697307
0.0786956
0.0830655
0.0930386
0.0922998
0.0923875
0.0878803
0.0828532
0.0840399
0.0853991
0.0845627
0.0821861
0.0772414
0.0794163
0.075741
0.0837948
0.0829721
0.0781609
0.0749362
0.0768057
0.0805126
0.0795466
0.0862613
0.0816564
0.0715556
0.0730015
0.0763665
0.0790201
0.0743977
0.0783275
0.0825818
0.079058
0.0828302
0.0996366
0.10928
0.104893
0.107755
0.106212
0.105891
0.126169
0.155876
0.190074
0.1311
0.11323
0.105076
0.0907277
0.0869816
0.0824786
0.0904523
0.0884872
0.0872781
0.0886523
0.084299
0.0857196
0.0822726
0.0785166
0.0858582
0.0921047
0.0890562
0.0876033
0.095652
0.0911797
0.0782458
0.0809928
0.0759263
0.0841114
0.0860764
0.0883396
0.0856425
0.0876634
0.0877241
0.0749711
0.076656
0.0820516
0.0862335
0.0882261
0.0823126
0.0808266
0.076125
0.0751921
0.0719683
0.0716156
0.0807218
0.0810233
0.0844047
0.088387
0.0910455
0.0759667
0.0682766
0.0726306
0.0730342
0.0742497
0.0789452
0.0814837
0.0821201
0.0815926
0.0826942
0.0969219
0.10902
0.109132
0.11015
0.112071
0.119216
0.136982
0.152284
0.187146
0.143404
0.115089
0.0996843
0.0883567
0.0782494
0.075085
0.0819422
0.0864308
0.092777
0.0888193
0.0817808
0.0813896
0.0823684
0.0849365
0.0880386
0.0896512
0.089112
0.088994
0.0915027
0.0970387
0.085937
0.0909365
0.0846548
0.084735
0.0848816
0.0887799
0.0840494
0.0879766
0.0895428
0.0804266
0.0776465
0.0810926
0.0811337
0.0849503
0.0850625
0.0757678
0.070864
0.0622047
0.0628741
0.070035
0.0778776
0.0844306
0.0883045
0.082165
0.0796512
0.0759509
0.0730158
0.0763177
0.0731596
0.0723105
0.0754336
0.0783833
0.0817868
0.0825893
0.088703
0.0972659
0.104132
0.108348
0.105426
0.111792
0.122705
0.137225
0.150651
0.170754
0.143719
0.125697
0.101327
0.0847833
0.0802278
0.0786565
0.0853246
0.0914406
0.0886455
0.0833547
0.0779568
0.0805832
0.0817798
0.0896994
0.0933599
0.0858039
0.0958166
0.0989123
0.102576
0.101549
0.0981949
0.101475
0.086859
0.0786601
0.0792272
0.0828792
0.0834171
0.0890942
0.0879592
0.0782356
0.0770577
0.0831751
0.0855897
0.0891645
0.084553
0.0781096
0.0766058
0.0728531
0.0674402
0.0710072
0.0780215
0.0836783
0.0798531
0.0731398
0.0702473
0.0730298
0.0718924
0.0753822
0.0719008
0.0696795
0.0678146
0.0708199
0.0735291
0.0767696
0.0793777
0.091299
0.0945011
0.106848
0.109455
0.117901
0.119053
0.136226
0.146109
0.1601
0.145038
0.120024
0.101917
0.0920492
0.0891188
0.0871338
0.0904616
0.0924492
0.085086
0.0775529
0.0739212
0.0880136
0.0880074
0.0839833
0.087708
0.0903493
0.0919219
0.0941499
0.105783
0.114263
0.107943
0.0959037
0.0844494
0.0783304
0.0757353
0.0833005
0.0894205
0.092246
0.0905073
0.0773064
0.0769139
0.0859698
0.0822098
0.0895159
0.0882269
0.0831625
0.0857913
0.0801322
0.076314
0.0746864
0.079814
0.081136
0.0895506
0.0843688
0.0843327
0.0786715
0.0777214
0.0771688
0.0820674
0.0752499
0.076964
0.0719106
0.0754504
0.0719316
0.0700173
0.0728655
0.084179
0.0951621
0.102283
0.106881
0.11396
0.128051
0.149361
0.159917
0.127622
0.108303
0.0986527
0.0932679
0.0832571
0.084416
0.0871217
0.0841919
0.0848447
0.0820176
0.0842836
0.0954379
0.0878786
0.0884373
0.0858819
0.0858654
0.0915386
0.102292
0.103222
0.106027
0.102038
0.0879584
0.0830913
0.081358
0.0773577
0.0863225
0.0867243
0.0902477
0.0863615
0.0748388
0.0814166
0.084897
0.0890191
0.0946472
0.0907097
0.085669
0.0909451
0.0906298
0.0857424
0.0790082
0.0774179
0.0790459
0.0890103
0.0897283
0.0891789
0.0901687
0.0856506
0.0821309
0.0847859
0.0775548
0.0772082
0.0748556
0.074653
0.071139
0.0725013
0.0718807
0.0733272
0.0820257
0.0972625
0.0969494
0.103837
0.122147
0.148078
0.155864
0.118586
0.101604
0.0982551
0.0940557
0.0904415
0.0830903
0.0812644
0.0827246
0.0877763
0.0848006
0.0907322
0.0934682
0.0921248
0.0857422
0.0821665
0.0762806
0.079261
0.0856038
0.096693
0.101367
0.0950773
0.0817169
0.0817919
0.0778387
0.0812089
0.0765596
0.0784439
0.0832265
0.0760555
0.0747079
0.0759809
0.0803165
0.0933555
0.0947226
0.0928477
0.0807472
0.0919384
0.0862679
0.0832204
0.0831733
0.0797368
0.0824498
0.0953295
0.100003
0.0972428
0.0956226
0.0971991
0.0982403
0.087865
0.0806876
0.0780326
0.0798335
0.082688
0.0759356
0.0692987
0.06977
0.0695656
0.0701639
0.0839468
0.0933054
0.0970978
0.11672
0.137852
0.148841
0.136459
0.115491
0.100262
0.0932129
0.0875541
0.081055
0.0806843
0.0805239
0.0854811
0.0862043
0.0885776
0.0941878
0.089903
0.0775722
0.0766076
0.0761692
0.0724055
0.0775081
0.0853481
0.0949526
0.0864686
0.0786698
0.0778593
0.0806362
0.0779534
0.0784109
0.0728169
0.0758882
0.0726292
0.0727969
0.0709593
0.075408
0.082017
0.0850566
0.0881269
0.0867504
0.0902106
0.077272
0.0804978
0.0838234
0.0884983
0.091288
0.0951015
0.0939304
0.103453
0.10225
0.100096
0.0978819
0.103747
0.089609
0.0799646
0.0757134
0.0735844
0.0694731
0.070621
0.0697967
0.0708556
0.0767553
0.0822366
0.0900664
0.100165
0.10933
0.132692
0.161188
0.1402
0.118658
0.0987951
0.0885132
0.085948
0.0756898
0.0718784
0.0741525
0.0938542
0.0934852
0.0969056
0.0949725
0.0904936
0.0840592
0.0794305
0.0786219
0.075288
0.0746486
0.0815322
0.0851858
0.0816123
0.083018
0.0822024
0.076809
0.0765174
0.078276
0.0774333
0.0749296
0.0795217
0.0775372
0.0711282
0.0783656
0.0774194
0.0779432
0.0758846
0.0777493
0.0777816
0.0773987
0.0822825
0.0882322
0.0951341
0.0944974
0.0930886
0.087642
0.101366
0.101993
0.101587
0.107929
0.107188
0.0974323
0.0890821
0.0852838
0.0775796
0.0725123
0.0711473
0.0703152
0.0688297
0.0806412
0.0821918
0.084647
0.10271
0.105033
0.124986
0.147607
0.15285
0.130658
0.100378
0.0875193
0.0829742
0.0806098
0.081062
0.0805361
0.0896546
0.0925299
0.0945551
0.0911432
0.0889519
0.0861689
0.0854146
0.0841784
0.0853199
0.0870162
0.0833267
0.0802445
0.0809997
0.077828
0.0903792
0.0779034
0.0770159
0.078709
0.0838933
0.0729284
0.0761699
0.0745358
0.0747252
0.0804624
0.0808897
0.0733559
0.0695219
0.0699341
0.0736785
0.0721345
0.0821772
0.0892399
0.0834147
0.0832727
0.0833141
0.0848465
0.0993067
0.107791
0.101561
0.106101
0.106908
0.0996353
0.0889681
0.083731
0.0782956
0.0679321
0.0698003
0.0722811
0.0738699
0.0821302
0.0842138
0.0849816
0.0974941
0.10547
0.120461
0.148774
0.144824
0.126512
0.0960994
0.0916196
0.0830112
0.0838938
0.0830834
0.0802482
0.0815877
0.0954496
0.0949391
0.094013
0.0928187
0.104244
0.0919887
0.0911208
0.0881022
0.0950702
0.0813591
0.0819897
0.0797876
0.0776891
0.0835119
0.0854758
0.0819956
0.0756462
0.0793819
0.0746413
0.0803154
0.0793114
0.0708356
0.0789173
0.0797111
0.0731736
0.0766888
0.0788909
0.0744032
0.0773477
0.0785564
0.0865006
0.0844439
0.0849373
0.0900432
0.0916643
0.0953069
0.103707
0.105421
0.110338
0.107454
0.101982
0.0948917
0.0914741
0.0775892
0.0700681
0.0652887
0.0746584
0.0733066
0.0811421
0.0873779
0.0908104
0.0987625
0.105449
0.132898
0.15909
0.140365
0.124401
0.104379
0.093147
0.0928757
0.0878509
0.0860467
0.084088
0.087865
0.0898905
0.0929797
0.0988008
0.098663
0.102123
0.101693
0.0891173
0.0866173
0.092012
0.0854661
0.0861042
0.0857748
0.0878235
0.09073
0.0862937
0.0805919
0.0770253
0.078341
0.0786624
0.07747
0.0802628
0.0746629
0.0810342
0.0767373
0.0738394
0.0760389
0.0796114
0.0711828
0.0776777
0.0762756
0.0825437
0.0855559
0.086561
0.0841721
0.0822285
0.0846388
0.0943489
0.0951847
0.0937412
0.0993302
0.097258
0.0919958
0.0899033
0.0821671
0.0691945
0.0663904
0.0712096
0.0767701
0.087197
0.0903685
0.101619
0.101128
0.121274
0.143187
0.168256
0.139467
0.126882
0.108589
0.0932044
0.0967039
0.0959038
0.0888671
0.0841574
0.0875965
0.0850971
0.0893275
0.0944364
0.0933444
0.0962464
0.102916
0.0980908
0.0928878
0.096643
0.102321
0.0924359
0.0896608
0.088849
0.087978
0.0882076
0.0792518
0.0829957
0.0801153
0.0833282
0.0834615
0.0715716
0.0732933
0.0766897
0.0771383
0.0775146
0.0815072
0.0826368
0.0816669
0.0801716
0.0840178
0.091124
0.090828
0.0862663
0.0829993
0.0812447
0.0872863
0.0947158
0.0919153
0.0879305
0.0896797
0.0903662
0.0880862
0.0857374
0.0753702
0.0673488
0.0679646
0.0773981
0.0833648
0.0910534
0.108278
0.110427
0.110783
0.12703
0.147742
0.167646
0.15028
0.124897
0.108224
0.0936489
0.0914252
0.0950399
0.0876916
0.0751845
0.0799363
0.0814023
0.0926678
0.0868264
0.0845302
0.088107
0.0923354
0.0995658
0.0948528
0.100802
0.109985
0.0972346
0.091662
0.0859153
0.0889408
0.0817002
0.0839896
0.0814631
0.0804051
0.0818547
0.0907793
0.0804373
0.075994
0.0827712
0.0787807
0.0788444
0.0815395
0.0871219
0.0827488
0.0862529
0.0900104
0.0939124
0.0866584
0.0898396
0.0839232
0.0782781
0.0860196
0.0889187
0.0939985
0.0916471
0.0966995
0.0897538
0.090013
0.0818033
0.0728822
0.0708485
0.070106
0.0817891
0.0953813
0.0961583
0.111418
0.108715
0.117165
0.132443
0.147782
0.172203
0.161908
0.134687
0.115419
0.105982
0.0932128
0.0875922
0.0836918
0.0716105
0.0783117
0.0783961
0.0846954
0.075814
0.0750285
0.0864825
0.101055
0.102982
0.0948231
0.0928104
0.0986791
0.0880607
0.0791618
0.0832404
0.0806514
0.0782909
0.0780685
0.0807514
0.079122
0.0781352
0.086386
0.0803984
0.0735776
0.0799522
0.0796999
0.0804314
0.0844676
0.082304
0.0850577
0.0825239
0.0923472
0.0970543
0.0967527
0.0916107
0.0915262
0.088234
0.0877449
0.0884194
0.0982502
0.0895642
0.081334
0.0743495
0.0789436
0.0744201
0.0690427
0.0657018
0.0768888
0.0790772
0.0926867
0.0969379
0.107979
0.114191
0.125337
0.133199
0.139657
0.164778
0.171811
0.146747
0.125303
0.113164
0.098499
0.0888586
0.0787135
0.0704548
0.0740281
0.0751768
0.0764844
0.0751635
0.0812555
0.0897996
0.0973117
0.0966697
0.0926381
0.0835902
0.0876448
0.0849203
0.0810867
0.0791233
0.0863154
0.0870448
0.0953693
0.090851
0.0808975
0.0773125
0.0824986
0.0827149
0.0822823
0.0825593
0.0819788
0.0872261
0.0899655
0.0842281
0.0802393
0.0765355
0.0856043
0.0893089
0.0899371
0.0853049
0.0894513
0.0953345
0.0932408
0.0913003
0.0981182
0.0906503
0.081915
0.0768684
0.0689232
0.0688222
0.0689896
0.0696785
0.0776098
0.0866555
0.0874113
0.0908467
0.107694
0.112599
0.124267
0.137207
0.146485
0.163277
0.159849
0.141131
0.127256
0.112474
0.0980223
0.0906725
0.0826689
0.0701764
0.0694112
0.0703591
0.0773314
0.0834358
0.0895946
0.095822
0.099488
0.10061
0.0851863
0.0776996
0.0835771
0.0732706
0.0733694
0.0794545
0.0874367
0.0960187
0.0984228
0.093281
0.0830446
0.0765701
0.0752297
0.0800021
0.0744963
0.0797784
0.0793358
0.0801736
0.0813899
0.0816195
0.0776264
0.075328
0.0726791
0.0759592
0.0802479
0.0736141
0.085383
0.103505
0.0992316
0.0906744
0.0859287
0.0856975
0.0792321
0.0700733
0.0693063
0.0700223
0.0693555
0.0727986
0.0709586
0.0819448
0.0872963
0.091583
0.0995007
0.114494
0.125289
0.129282
0.152602
0.168044
0.136839
0.122644
0.118163
0.107535
0.102671
0.0904975
0.0832738
0.073291
0.0674217
0.0756796
0.0759461
0.082234
0.0870271
0.0960448
0.0997786
0.104395
0.0940721
0.0891433
0.0862113
0.0789569
0.078124
0.0803766
0.0900635
0.0961828
0.0905689
0.0830173
0.0800139
0.0730073
0.0741749
0.0772267
0.0712355
0.0731666
0.0775509
0.0812609
0.0764912
0.0764285
0.0844697
0.0798468
0.0783818
0.0755314
0.0844809
0.079233
0.0902172
0.091289
0.0924733
0.0826601
0.0833397
0.084183
0.0806032
0.0702767
0.0692352
0.0718174
0.0713509
0.0780601
0.0795659
0.0871516
0.0871462
0.0865409
0.100339
0.107525
0.118796
0.13504
0.155175
0.176683
0.124678
0.124024
0.102608
0.102706
0.0986798
0.0909544
0.0838003
0.0751785
0.0729362
0.0729092
0.0733459
0.0847755
0.0879121
0.0941728
0.0956988
0.10823
0.0966191
0.0891113
0.0812765
0.0743837
0.0722674
0.0770763
0.0826766
0.0906596
0.0855434
0.0819073
0.0770748
0.0812015
0.0760566
0.0773591
0.0793968
0.0711425
0.0723545
0.0821149
0.0827059
0.0834487
0.0875258
0.0776549
0.0744997
0.0813861
0.0888655
0.0853512
0.0913934
0.0862649
0.0833722
0.083868
0.0889479
0.0832758
0.0794045
0.0693844
0.0681048
0.0657449
0.0688281
0.0820824
0.0812784
0.0877464
0.0915055
0.100802
0.102588
0.10625
0.115919
0.135794
0.164123
0.183941
0.137242
0.124019
0.106571
0.0979392
0.103392
0.0980822
0.0863363
0.0862225
0.075416
0.0727026
0.0713745
0.074971
0.0767015
0.0857388
0.0900496
0.0936739
0.0908578
0.0871419
0.0805994
0.0721641
0.077607
0.0811404
0.0821981
0.089903
0.087966
0.0815534
0.0831349
0.0861168
0.0839802
0.0830342
0.0800054
0.0757665
0.074837
0.0824897
0.0867126
0.0905178
0.0920063
0.0864052
0.0840376
0.0816139
0.0859564
0.0914903
0.0870597
0.0834537
0.0767351
0.0766023
0.0812163
0.0780679
0.0710264
0.062192
0.0607918
0.0695052
0.0733223
0.0791858
0.083573
0.0963098
0.0994711
0.10732
0.104022
0.103669
0.114058
0.141292
0.170858
0.189681
0.144817
0.125102
0.108194
0.106564
0.0960984
0.0952301
0.0873135
0.0894642
0.0839651
0.0765403
0.073491
0.0714349
0.0749254
0.0886198
0.0897073
0.0895929
0.0895738
0.0879282
0.0760611
0.0720658
0.0840221
0.0918906
0.0892266
0.0875992
0.0868021
0.0868511
0.0830129
0.0871984
0.0884087
0.0877553
0.08539
0.0780105
0.0732351
0.0788744
0.0814623
0.0803519
0.0832598
0.0831716
0.0898633
0.0891265
0.0917031
0.0892386
0.0809556
0.0735851
0.0646106
0.0676353
0.0694611
0.0778422
0.0688277
0.0678076
0.0673402
0.0758168
0.074785
0.0835081
0.0863508
0.0846373
0.0903641
0.101158
0.101162
0.106116
0.111906
0.139196
0.159264
0.185033
0.153641
0.12758
0.118284
0.110984
0.0941709
0.086302
0.0851244
0.0862602
0.0843634
0.0753353
0.0688178
0.0644092
0.0662905
0.0754807
0.0841923
0.0864932
0.0875725
0.0932313
0.0802783
0.0730189
0.0861562
0.0955467
0.0929856
0.0910011
0.0860969
0.0883473
0.0843716
0.0883496
0.0897031
0.0883884
0.093855
0.0813447
0.0699349
0.0734711
0.0685791
0.0764268
0.0769003
0.0801263
0.0837394
0.0891473
0.0883327
0.0830837
0.0753077
0.0650647
0.0660333
0.0692721
0.0734969
0.0801169
0.0793033
0.0727281
0.0725963
0.0798094
0.0815369
0.0909478
0.0888952
0.0833294
0.0829093
0.0915851
0.0997552
0.108501
0.117551
0.139413
0.150042
0.179294
0.161724
0.128258
0.113962
0.101906
0.0848102
0.0779499
0.0856933
0.0860637
0.0825684
0.0778799
0.0705605
0.0666684
0.0710207
0.0703917
0.0799489
0.0845601
0.0919821
0.0884694
0.0891324
0.0859982
0.0877676
0.101375
0.0950073
0.0846415
0.0838301
0.0881198
0.0874904
0.0871233
0.0905482
0.0849052
0.0831897
0.0782566
0.0711692
0.0716487
0.0688416
0.0699353
0.0675482
0.0786796
0.0793155
0.079084
0.0767803
0.0752488
0.0720502
0.0659769
0.0671977
0.0684778
0.066114
0.0807193
0.0858724
0.0788321
0.0799207
0.0828226
0.0886574
0.0914489
0.0931266
0.0946564
0.0909666
0.0927172
0.0947605
0.107059
0.122694
0.136293
0.1483
0.169388
0.150008
0.127481
0.106312
0.0938097
0.0810129
0.0725565
0.0762792
0.0854584
0.0838337
0.084003
0.0803072
0.0735904
0.0788857
0.0773405
0.0787761
0.0851633
0.0881683
0.0861497
0.0911597
0.0882495
0.0929934
0.0964126
0.094471
0.0855065
0.0861151
0.0870177
0.0866267
0.0850214
0.0852755
0.0819847
0.0812248
0.0801032
0.070678
0.0741231
0.0683729
0.0656737
0.0689514
0.0724181
0.0772488
0.0789877
0.0727583
0.0751115
0.0717125
0.0652348
0.0669161
0.0705182
0.0721441
0.0796322
0.0788773
0.0842857
0.090463
0.0921178
0.0892381
0.0920873
0.0934203
0.0976682
0.0950732
0.101881
0.100276
0.104931
0.126473
0.140625
0.160428
0.184118
0.145894
0.130397
0.105655
0.0898946
0.084512
0.075498
0.0796873
0.0782047
0.0799284
0.0834677
0.0880352
0.0838413
0.089609
0.0942846
0.0907104
0.0889933
0.0852268
0.0841906
0.0825528
0.0882548
0.0963508
0.103427
0.0981661
0.0883571
0.0921643
0.088071
0.087595
0.0868817
0.0803762
0.0801457
0.0800038
0.0799592
0.0710899
0.0703998
0.0647127
0.0593962
0.0641813
0.0709247
0.0721232
0.0831209
0.0775593
0.0767667
0.0781736
0.0711557
0.0726738
0.079636
0.0705944
0.0659769
0.0652799
0.0696353
0.0865403
0.098735
0.0865969
0.0912391
0.0920783
0.0903427
0.0969282
0.104102
0.104906
0.105655
0.127841
0.144972
0.173088
0.18883
0.139003
0.13031
0.0949341
0.0832906
0.0846144
0.0792922
0.0849436
0.0768064
0.0756743
0.0790585
0.083173
0.0860925
0.0898193
0.0904864
0.0846465
0.0808762
0.0766587
0.082449
0.0750742
0.0858072
0.102464
0.0954241
0.0929818
0.0849473
0.0841963
0.0785693
0.0814448
0.0830807
0.0796626
0.077918
0.0769827
0.0808539
0.0748643
0.0718233
0.0722662
0.0731052
0.0742679
0.0723077
0.0729682
0.0798688
0.086135
0.088808
0.0833478
0.0741342
0.0694046
0.0748681
0.0677443
0.0709663
0.0634369
0.0602175
0.0763971
0.0855431
0.085571
0.089039
0.0869714
0.0839827
0.0908023
0.0990841
0.107131
0.117654
0.128841
0.144532
0.163378
0.178472
0.139906
0.126439
0.0992521
0.0876916
0.0837356
0.0807587
0.0846901
0.0790632
0.0769806
0.0817907
0.0907417
0.0898631
0.0873882
0.086422
0.0865759
0.0820178
0.0753257
0.0755294
0.0690601
0.084667
0.0918805
0.0955825
0.0936921
0.0842168
0.0819961
0.0811621
0.083898
0.079326
0.07841
0.0751839
0.0840716
0.0800843
0.0747731
0.0705394
0.0712616
0.0832334
0.0870084
0.0819239
0.083571
0.0840977
0.0914724
0.0916966
0.0927743
0.0803919
0.0733439
0.0676151
0.0626701
0.0642963
0.0658716
0.0654262
0.0752356
0.0801601
0.0802226
0.0902786
0.0884385
0.0743024
0.0782982
0.0902119
0.104398
0.121491
0.130175
0.152751
0.166003
0.182245
0.134648
0.118747
0.0984222
0.0918115
0.0828833
0.0820226
0.0776166
0.0757863
0.0775716
0.0837723
0.0966352
0.0978802
0.093944
0.0906664
0.0799576
0.0815985
0.0785053
0.0806492
0.0746265
0.0838435
0.0900989
0.0974763
0.0949408
0.089655
0.0857477
0.0867133
0.087909
0.0826636
0.087344
0.0822579
0.0920344
0.0905241
0.0757264
0.0766805
0.0730942
0.0769807
0.0862524
0.0840229
0.0831144
0.0841154
0.0865962
0.0870858
0.0856382
0.0890175
0.0825115
0.0784643
0.0708175
0.0647147
0.0677389
0.0701108
0.0713654
0.0709302
0.0786127
0.0871285
0.0785786
0.0752727
0.0772154
0.0876435
0.105551
0.120769
0.130569
0.153333
0.166298
0.177608
0.130384
0.107522
0.0924706
0.0929167
0.0829073
0.08671
0.0805774
0.0745375
0.0802804
0.085512
0.0954966
0.0957403
0.0948908
0.0902273
0.085816
0.0801278
0.0785534
0.0781809
0.0756458
0.0796123
0.0808583
0.0877875
0.0850223
0.0825698
0.0876676
0.0879575
0.0909484
0.0835404
0.0891846
0.0930572
0.0842832
0.0877147
0.0777079
0.076297
0.0797232
0.0780208
0.0834842
0.0882928
0.0811383
0.0792113
0.0914519
0.0972528
0.0962857
0.0916819
0.0859742
0.0811968
0.0663821
0.0697946
0.073052
0.0710745
0.0678842
0.0705289
0.0798679
0.0819824
0.0813397
0.0712721
0.0728259
0.086669
0.0987517
0.117953
0.135773
0.152063
0.164806
0.177844
0.130721
0.109028
0.0939776
0.0844981
0.0840518
0.075675
0.0742593
0.0688383
0.0813355
0.08531
0.087537
0.0849257
0.0869494
0.0909505
0.0934035
0.0816133
0.073641
0.0734799
0.080253
0.0797548
0.0865908
0.0836964
0.0789581
0.075893
0.086696
0.0903038
0.0933925
0.0910207
0.0837904
0.091786
0.0911611
0.0891868
0.0784895
0.0817078
0.0812796
0.0817769
0.0806983
0.0820901
0.0861294
0.0818837
0.0846359
0.0886956
0.0865003
0.0903917
0.0892419
0.0836249
0.0693283
0.0681365
0.0711641
0.0727905
0.0747693
0.0755357
0.0771998
0.0827887
0.0745368
0.0706357
0.0776991
0.0875005
0.0978045
0.120362
0.124661
0.134839
0.154135
0.17591
0.146014
0.123864
0.103006
0.0893686
0.0804415
0.0733625
0.0725023
0.0735139
0.0735035
0.0746628
0.0699026
0.0703089
0.0766453
0.0802431
0.0810687
0.0830938
0.0781665
0.0738487
0.079609
0.0848976
0.0854658
0.0863398
0.0864203
0.0842082
0.0903842
0.103443
0.103156
0.095833
0.091023
0.101246
0.0991783
0.0938227
0.0848106
0.0773919
0.0843266
0.0851959
0.0836295
0.0878513
0.0923811
0.0888813
0.0834872
0.0841325
0.0869902
0.0946836
0.0895554
0.0850881
0.0714293
0.0702109
0.0751247
0.0787274
0.0837684
0.0759284
0.0818209
0.0795518
0.0788031
0.0805236
0.0883485
0.0894871
0.0998989
0.115684
0.127886
0.129224
0.144782
0.165752
0.148781
0.127762
0.10906
0.0907775
0.0845019
0.0786334
0.0745494
0.0716636
0.0702157
0.0656915
0.0685024
0.0663157
0.0688398
0.0707819
0.0804222
0.0804867
0.0804905
0.0803205
0.0863756
0.0899665
0.0877924
0.0876253
0.0943293
0.0910401
0.101801
0.101286
0.108838
0.106362
0.106882
0.111553
0.106406
0.101406
0.086466
0.0814276
0.0848801
0.0803094
0.0767641
0.0802763
0.0872196
0.0855491
0.0794565
0.0833712
0.0896397
0.0964517
0.0922875
0.0832102
0.0760227
0.0773576
0.0786246
0.0854388
0.0887909
0.0821772
0.0795854
0.0752321
0.0777251
0.0839573
0.0941306
0.0980361
0.107497
0.114679
0.120767
0.126586
0.136765
0.164507
0.166649
0.143123
0.127005
0.110625
0.10093
0.0851122
0.0763748
0.0725107
0.0714831
0.0708058
0.0692239
0.0696436
0.0663738
0.0691753
0.0772285
0.0838235
0.0849351
0.0843983
0.0855416
0.0846594
0.0891513
0.0954523
0.0989932
0.108468
0.101283
0.102786
0.109148
0.104376
0.108012
0.110571
0.110708
0.0993107
0.0880792
0.0825741
0.0815538
0.0761492
0.0761168
0.079463
0.0859979
0.0833915
0.0842217
0.0852211
0.0875116
0.086995
0.0869228
0.08239
0.0817811
0.0807557
0.0704464
0.0798518
0.080967
0.0777066
0.0772622
0.0783925
0.0806393
0.0824575
0.104359
0.105322
0.108498
0.104595
0.112195
0.126965
0.150923
0.176061
0.178024
0.159953
0.130677
0.115679
0.105515
0.0955312
0.0803323
0.0784986
0.0752014
0.0717945
0.0674116
0.0664106
0.076102
0.0809296
0.0867271
0.0924829
0.0875189
0.0855749
0.0867502
0.0877733
0.0979714
0.0969796
0.108889
0.117191
0.108063
0.107983
0.115434
0.105413
0.0987149
0.103022
0.110473
0.102323
0.0900208
0.0778615
0.0769826
0.0865702
0.0909298
0.0818924
0.080911
0.0866502
0.0898851
0.0934683
0.0859785
0.084397
0.0803646
0.0811179
0.080272
0.0801628
0.0683347
0.0716538
0.0740079
0.0831814
0.0890629
0.0786096
0.0846396
0.0919785
0.100897
0.10772
0.121595
0.12055
0.123031
0.134724
0.160172
0.184149
0.185286
0.164037
0.146378
0.128388
0.116763
0.108325
0.0904996
0.0878528
0.083527
0.0772545
0.0737766
0.0751672
0.0858188
0.0865553
0.0877223
0.0943224
0.096808
0.094859
0.0882266
0.0913064
0.0970043
0.103893
0.108197
0.110459
0.102012
0.103291
0.109103
0.102091
0.0969405
0.0891483
0.0954031
0.102172
0.0969003
0.0894456
0.0834924
0.0955624
0.0975954
0.0910572
0.0845461
0.0848124
0.0924322
0.0894921
0.0850279
0.08662
0.0849228
0.0883303
0.088637
0.0812765
0.0733154
0.073587
0.0720135
0.0861654
0.0893437
0.0784188
0.082767
0.0975478
0.104458
0.114948
0.132252
0.138422
0.140037
0.15327
0.16697
0.184377
0.203454
0.178738
0.153782
0.133628
0.125956
0.115844
0.110158
0.10232
0.0928399
0.0852261
0.0826069
0.0831018
0.0906612
0.0940064
0.0907883
0.0959071
0.101549
0.105504
0.093089
0.0978885
0.105442
0.115933
0.116543
0.104569
0.0942818
0.106194
0.112356
0.117799
0.108887
0.103732
0.103344
0.107884
0.102042
0.101103
0.0998411
0.107355
0.101663
0.102587
0.102758
0.10231
0.0990291
0.0908117
0.0889825
0.086764
0.0924952
0.090588
0.0952171
0.0962345
0.0808792
0.0786789
0.0810768
0.0854278
0.0896399
0.0815862
0.0866427
0.112548
0.126699
0.144138
0.153804
0.154898
0.16087
0.173079
0.198785
0.211179
0.228186
0.197546
0.177598
0.155642
0.149238
0.140722
0.13098
0.129569
0.119035
0.106882
0.0985438
0.0949758
0.104933
0.0978733
0.100625
0.103089
0.106871
0.110488
0.106043
0.119042
0.116521
0.126466
0.12472
0.116174
0.112537
0.121299
0.128656
0.130702
0.126584
0.11972
0.11263
0.113767
0.109971
0.117655
0.115999
0.118655
0.120995
0.109009
0.113686
0.115348
0.106315
0.100606
0.0997047
0.102045
0.103159
0.105561
0.111149
0.107242
0.101254
0.090772
0.0882453
0.0884673
0.096061
0.0942027
0.108226
0.122297
0.150018
0.162586
0.172217
0.179822
0.185034
0.198034
0.216213
0.241966
0.269321
0.218149
0.191658
0.173721
0.167585
0.153441
0.158216
0.160754
0.150627
0.132218
0.119018
0.115271
0.108005
0.108738
0.110024
0.106953
0.110782
0.119776
0.124534
0.130933
0.134567
0.130624
0.130305
0.133608
0.135421
0.136908
0.148116
0.15647
0.145951
0.138168
0.135271
0.138809
0.136855
0.145668
0.138953
0.138036
0.140632
0.131793
0.125077
0.122429
0.105884
0.112184
0.123842
0.118846
0.12318
0.131718
0.135093
0.131653
0.119551
0.119687
0.112861
0.11012
0.114162
0.117156
0.12828
0.142916
0.170985
0.187287
0.188555
0.210769
0.21503
0.235299
0.242952
0.270011
0.278462
0.248665
0.22143
0.187393
0.175851
0.173943
0.186714
0.199367
0.182067
0.164506
0.13844
0.12903
0.117352
0.114324
0.106301
0.12136
0.128143
0.145626
0.160197
0.167516
0.167506
0.153505
0.163189
0.150974
0.147403
0.168577
0.177138
0.177945
0.158578
0.162974
0.164383
0.160822
0.161349
0.173566
0.169556
0.171945
0.171143
0.172899
0.13924
0.137878
0.131733
0.14356
0.148589
0.147166
0.155266
0.159453
0.162173
0.159842
0.136179
0.136596
0.135688
0.138275
0.136035
0.138707
0.150156
0.163523
0.189489
0.207931
0.217472
0.239192
0.246945
0.261058
0.291545
0.302796
