0.0370162
0.0397937
0.0307743
0.026197
0.0185218
0.00440214
-0.000350209
0.00842587
0.000277127
-0.00465342
0.0132992
0.0251572
0.0386035
0.0250944
0.0278842
0.0167274
-0.0141387
-0.0396881
-0.0585584
-0.0611442
-0.0538677
-0.0545648
-0.0555641
-0.0624134
-0.0552531
-0.0334069
-0.0309461
-0.0295774
-0.0317968
-0.0442241
-0.0363953
-0.0292491
-0.0274036
-0.0433938
-0.0478687
-0.0511346
-0.0428053
-0.0305519
-0.0247817
-0.0147672
0.0109585
0.0136841
0.023487
0.033426
0.0347534
0.0211531
0.0196365
0.00956676
0.0308925
0.0499747
0.0638305
0.0797238
0.0996773
0.103118
0.0959974
0.0833469
0.0541447
0.0331245
0.0369236
0.02585
0.0208278
0.0154099
0.0191191
0.0159109
0.0384319
0.0291022
0.0280398
0.0302031
0.0232508
0.00557348
-0.00409862
0.00102247
-0.00158123
0.00490204
0.0118746
0.0301382
0.0345017
0.0274179
0.019657
0.0092619
-0.0187027
-0.0355157
-0.0417386
-0.0471553
-0.0441988
-0.0597272
-0.0569593
-0.0641414
-0.0604746
-0.0417837
-0.0352085
-0.0338114
-0.0328429
-0.0372615
-0.0265663
-0.0191221
-0.0334277
-0.0477001
-0.0577058
-0.0532636
-0.0540071
-0.0302276
-0.0221179
0.000103011
0.0143794
0.0238113
0.030765
0.0341708
0.0305427
0.0213538
0.0142615
0.000846484
0.0223531
0.0383841
0.0574312
0.0738036
0.0872767
0.0947951
0.0897931
0.0737367
0.0593937
0.0355615
0.0396395
0.0406473
0.0465529
0.0350553
0.0238233
0.0191846
0.0322388
0.0274964
0.0192346
0.0200491
0.0205
0.00488888
-0.00929543
-0.0074277
-0.00215158
0.000187757
0.00862579
0.016349
0.0198581
0.0189247
0.0126349
0.0150349
-0.00500104
-0.0211265
-0.0137297
-0.0259624
-0.0325605
-0.0493409
-0.0479196
-0.0427939
-0.0440383
-0.0416689
-0.0379103
-0.0216397
-0.0249957
-0.0258089
-0.017758
-0.0200391
-0.0327227
-0.0442133
-0.0447971
-0.0409025
-0.037165
-0.021715
-0.0168208
0.0006601
0.0113041
0.0189874
0.0189001
0.0281474
0.013304
0.0170884
0.00817824
0.0098115
0.0163886
0.0251746
0.0518003
0.0640758
0.0678025
0.0784722
0.0773495
0.0681028
0.0587927
0.0657649
0.0536128
0.0384315
0.0451815
0.0421701
0.047631
0.0307032
0.0333176
0.0393238
0.0320779
0.0230566
0.0137233
0.00722413
0.000176421
-0.00487886
-0.00585007
-0.00272933
0.00432501
0.00433778
0.0210767
0.0110279
0.00582177
0.00946826
0.000153212
-0.0132106
-0.0218928
-0.0290317
-0.0188299
-0.036291
-0.0326474
-0.020048
-0.0339439
-0.028774
-0.0294984
-0.0147972
-0.0269769
-0.0298111
-0.0190784
-0.0128653
-0.027407
-0.042179
-0.0439065
-0.0384325
-0.0319526
-0.010608
-0.000443237
0.00718755
0.000938456
-0.00102558
-0.00160906
0.0059516
-0.00277232
-0.00703295
-0.0049276
0.000361486
-0.00762964
-0.00549634
0.0255714
0.0407295
0.0413237
0.054681
0.0620054
0.0708663
0.0540907
0.0662369
0.0665438
0.0561924
0.0493445
0.044312
0.0354438
0.0171384
0.0407741
0.04649
0.0370088
0.0283825
0.0141849
0.000360887
-0.00506888
-0.000292934
0.00525898
0.0093831
0.0128211
0.0103535
0.0240078
0.0237444
0.0178525
0.0117934
0.00934833
-0.000687287
-0.00509711
-0.00665798
-0.0160873
-0.0246765
-0.0198446
-0.0141963
-0.019201
-0.00783365
-0.011934
-0.0094204
-0.024949
-0.030267
-0.0147093
-0.0099117
-0.0106258
-0.0236862
-0.0356463
-0.0384477
-0.0335162
-0.0164993
-0.00852165
-0.020035
-0.0263445
-0.0184745
-0.0148573
-0.0134284
-0.0171255
-0.0312918
-0.0235198
-0.0262296
-0.0178934
-0.0200452
-0.00224169
0.0155172
0.0216924
0.0453692
0.0561842
0.0532111
0.0405956
0.0416064
0.047242
0.0530205
0.0409055
0.0295216
0.0150979
0.00223552
0.0438392
0.0321615
0.0143367
0.0101694
0.00257149
0.0127006
0.00620046
0.00128461
0.00061664
0.0126008
0.0278789
0.0387184
0.041683
0.0328529
0.0215591
0.016759
0.0146357
0.00742438
-0.00594966
-0.00518906
-0.0132883
-0.00565784
-0.00434466
0.00845563
0.00605783
0.00916536
-0.00673671
-0.0186179
-0.0148861
-0.0191814
-0.0123618
-0.00876687
-0.0186699
-0.0243619
-0.0328879
-0.0399401
-0.0335902
-0.0281526
-0.0099318
-0.0292503
-0.0329132
-0.0245026
-0.0149705
-0.0214151
-0.0238246
-0.0373927
-0.0344508
-0.027067
-0.0163783
-0.0197209
-0.0186879
0.00497796
0.015655
0.0282573
0.0400698
0.0326043
0.025203
0.0425408
0.0488751
0.0499103
0.0472902
0.0284448
0.0115282
0.00189929
0.0209659
0.0163228
0.0154654
0.011511
0.00861647
0.020576
0.0227725
0.0189279
0.00889379
0.0070468
0.0219823
0.0366774
0.0405802
0.0308001
0.0254635
0.012388
0.0143573
0.0063938
0.000185829
-0.0109133
-0.0114715
-0.000236338
0.00468005
0.00973649
0.00240193
0.0143098
-0.00532652
-0.0258151
-0.028928
-0.0336938
-0.0182794
-0.0191313
-0.0257616
-0.0416333
-0.0448788
-0.0400638
-0.0286111
-0.0156584
-0.0230235
-0.0284672
-0.0280503
-0.0276623
-0.0150927
-0.0187914
-0.0146491
-0.0310117
-0.0229763
-0.018844
-0.0198856
-0.0276843
-0.0141803
0.00704587
0.0164778
0.0174611
0.0275188
0.0326529
0.0289169
0.0338951
0.0423509
0.0481798
0.0444957
0.01147
0.00608706
-0.00120588
0.00660933
0.00250471
0.0121706
0.00423013
0.00385632
0.00247083
0.00675553
0.00185804
0.00853582
0.0132027
0.0248601
0.0286994
0.0422823
0.0343867
0.030111
0.0169801
0.0131058
0.0193939
0.00220732
-0.00790115
-0.00696292
-0.00691714
-0.0070347
0.00902012
0.00997686
0.00366654
-0.00758175
-0.0150721
-0.0225709
-0.0221519
-0.0147928
-0.0252734
-0.040151
-0.0472265
-0.0505448
-0.0441734
-0.0341414
-0.0105393
-0.00196572
-0.0073308
-0.0150449
-0.00595754
-0.0076067
-0.0141815
-0.0116777
-0.0181546
-0.0175459
-0.0300286
-0.0203078
-0.015834
-0.00133
0.0026222
0.00105588
0.0188026
0.0296779
0.0301987
0.0240478
0.030148
0.0339542
0.0274793
0.0158533
0.0014485
-0.0109536
-0.0231069
-0.00715291
-0.00849017
0.000714074
0.00129895
-0.00680358
-0.0105502
-0.00533952
0.0107129
0.018001
0.0121206
0.0105549
0.0186733
0.0295974
0.0337979
0.0333679
0.0284278
0.020665
0.0293405
0.00916715
-0.00134114
-0.0136085
-0.0263588
-0.0166088
0.00433931
0.0143306
0.0102067
0.00353143
-0.00551486
-0.0126408
-0.0340698
-0.0182165
-0.0281058
-0.0405641
-0.0371244
-0.0445628
-0.0384797
-0.0320588
-0.0195341
-0.0141762
-0.0168732
-0.0140176
-0.0170759
-0.0261508
-0.0215289
-0.0185745
-0.0177706
-0.0317425
-0.0391471
-0.0322737
-0.0255063
0.00496801
-0.00518583
-0.000568898
0.0256956
0.0174097
0.0197632
0.0315039
0.0307585
0.0233607
0.0231654
-0.000355527
-0.000157509
-0.00987549
-0.0105686
-0.0185946
-0.0126438
-0.0123626
-0.0206752
-0.0199309
-0.0171416
-0.0130017
0.00685024
0.0145811
0.00133485
-0.000322391
0.0212149
0.0328695
0.0391174
0.0437308
0.0481689
0.0224154
0.0229016
0.026187
0.00325166
-0.0151575
-0.0195137
-0.0111715
0.0111986
0.0202649
0.0146125
-0.000985446
-0.0080726
-0.0148705
-0.0232054
-0.0269102
-0.0255045
-0.034857
-0.0367872
-0.0402643
-0.0418445
-0.0450353
-0.0318763
-0.0260291
-0.0342088
-0.0314067
-0.038067
-0.0334624
-0.0303834
-0.0239698
-0.0268596
-0.0257817
-0.0353879
-0.0379479
-0.0280571
-0.0157629
-0.0122464
-0.00742453
0.0134345
0.0168337
0.00295729
0.0089873
0.012081
0.0194935
0.0148296
-0.0114633
-0.0025318
-0.000571319
0.0127365
-0.0221866
-0.0131693
-0.0119035
-0.0201726
-0.0325479
-0.0259718
-0.0263324
-0.0134235
-0.00170402
-0.0172312
0.000438146
0.0127111
0.0336767
0.0416298
0.0300675
0.0338742
0.0193934
0.020446
0.0226372
0.00725549
-0.00605003
-0.00791015
-0.00611568
0.0030033
-0.00146783
-0.00565209
-0.00886373
-0.0093915
-0.00624334
-0.0177267
-0.0214657
-0.0231253
-0.0312865
-0.0367275
-0.0251814
-0.0361744
-0.0455527
-0.0391757
-0.0388395
-0.049596
-0.0355706
-0.0366872
-0.0412034
-0.042549
-0.0246812
-0.0246408
-0.0181577
-0.0322695
-0.0254418
-0.0361351
-0.0290568
-0.0178002
-0.00860888
-0.00939102
0.00388005
-0.000432978
0.00649542
0.0108655
0.0209006
0.0193226
-0.00271913
-0.00339717
-0.00547168
0.000161095
-0.039403
-0.0307826
-0.0206505
-0.0230216
-0.0374465
-0.0406284
-0.0412195
-0.0189868
-0.0237153
-0.00951659
-0.0071729
0.00315038
0.0223029
0.0342718
0.0210182
0.0235655
0.0156335
0.0153578
0.0164523
0.0114887
0.00038299
-0.00129592
-0.00830491
-0.00949719
-0.00788655
-0.0236646
-0.0244009
-0.0205199
-0.00451188
-0.00432772
-0.0226383
-0.0200949
-0.0104131
-0.00543232
-0.00620325
-0.0193207
-0.0260303
-0.0365637
-0.0412458
-0.0414539
-0.0508989
-0.0505721
-0.0382586
-0.0274517
-0.0154608
-0.014873
-0.0189844
-0.0143109
-0.0169959
-0.0311563
-0.0306988
-0.0350316
-0.0106204
-0.0083166
-0.0149722
-0.020495
-0.00443473
0.0136006
0.0196093
0.0267622
0.0160164
0.0121808
0.0148598
0.0141695
-0.0449432
-0.0386356
-0.0294144
-0.03383
-0.0488934
-0.0439143
-0.0458662
-0.0304398
-0.0187891
-0.0146754
-0.00328557
0.00980587
0.0104338
0.022682
0.021565
0.0244327
0.0248396
0.0197816
0.0127313
0.009488
0.00969665
0.00261368
-0.0173777
-0.0174465
-0.0230734
-0.0259395
-0.0278441
-0.0123378
0.000581625
-0.000572501
-0.0164565
-0.0174384
-0.00181729
-0.00649049
-0.00244969
-0.0198985
-0.0143243
-0.0333056
-0.0422704
-0.0447895
-0.0548861
-0.0375524
-0.0238149
-0.016264
-0.0179913
-0.0249622
-0.0204199
-0.0125849
-0.0166119
-0.0198491
-0.035928
-0.044149
-0.0299344
-0.0109676
0.001985
-0.0144824
-0.0131271
0.00155092
0.00866378
0.0173418
0.0133787
0.0153163
0.0203458
0.0220952
-0.0273157
-0.0216545
-0.0133718
-0.0245249
-0.04294
-0.0399709
-0.0346822
-0.0154222
-0.0142772
-0.00708711
-0.00667866
0.00802305
0.010243
0.0149831
0.0290039
0.0360293
0.0263232
0.0242958
0.0207398
0.0176067
-0.00118457
-0.017987
-0.0362355
-0.0328666
-0.0303124
-0.0228353
-0.00582683
-0.000161245
0.0151122
0.0235033
0.00763161
-0.0123584
-0.00515974
-0.000621944
-0.000598554
-0.00211306
0.0063814
-0.00789112
-0.0217957
-0.0409525
-0.0453444
-0.0348414
-0.025426
-0.0304646
-0.0413421
-0.0297707
-0.031085
-0.0193319
-0.0296243
-0.0233517
-0.0307429
-0.0395059
-0.0257672
-0.000602813
0.00439229
-0.00800412
-0.0232318
-0.0223228
0.0100323
0.0100228
0.00739767
0.00191296
-0.00814505
0.00977555
-0.0109912
-0.0109519
-0.0105814
-0.0254522
-0.032837
-0.0351408
-0.0334415
-0.0169686
-0.00771432
0.0046714
0.00170655
0.0141319
0.0188352
0.0147098
0.0405435
0.0452352
0.0366034
0.0209407
0.00614362
0.000220011
-0.0118795
-0.0279395
-0.0410723
-0.035337
-0.0264008
-0.0240774
-0.00495568
0.000538172
0.0111544
0.0167389
0.00827011
-0.0206162
-0.0165256
-0.00740761
-0.0079251
-0.00157539
-0.000939757
-0.00967811
-0.0124025
-0.0152784
-0.0249124
-0.0321062
-0.0257144
-0.0288714
-0.0406006
-0.039723
-0.0424999
-0.0361439
-0.026515
-0.0208193
-0.0302489
-0.0262696
-0.00149802
0.00989899
0.0110552
-0.00128895
-0.0194435
-0.0230662
-0.00304418
-0.0163586
-0.0108969
-0.0103655
-0.0183422
-0.0140919
-0.0134748
-0.0114931
-0.0112023
-0.0206719
-0.0122273
-0.0186793
-0.0246417
-0.0230917
-0.0178125
-0.00987976
-0.00252041
0.00423265
0.0112057
0.021834
0.0404404
0.045749
0.0343366
0.00458625
-0.0122277
-0.0244699
-0.0195811
-0.0286402
-0.0425344
-0.0289476
-0.0361825
-0.0209136
-0.00205942
-0.00404155
-0.00653336
0.00445974
0.00185292
-0.00276584
-0.0069732
-0.00740873
-0.00576823
0.00173885
0.000813685
-0.0133366
-0.0138451
-0.0151699
-0.0154642
-0.0279553
-0.0282125
-0.0346438
-0.0421466
-0.0441714
-0.0474032
-0.0488929
-0.0308251
-0.0180027
-0.0382421
-0.0179252
-0.00205968
-0.00454455
-0.00718898
-0.00690745
-0.0150442
-0.0256112
-0.023485
-0.0216234
-0.0365715
-0.0222198
-0.01808
-0.0199757
0.0047227
0.00706883
-0.00906141
-0.0189909
-0.0191949
-0.0265439
-0.03402
-0.0381622
-0.038931
-0.0291686
-0.0195888
-0.0141877
0.00210076
0.0150804
0.0247431
0.027705
0.0178431
-0.0111249
-0.0161482
-0.0257961
-0.0215745
-0.0246267
-0.0299622
-0.018034
-0.0203009
-0.0159738
-0.00808069
-0.00914195
-0.0131072
-0.00786211
-0.0154333
-0.0124659
-0.0281088
-0.0270497
-0.0121795
0.00212746
-0.00507812
-0.0195131
-0.0134607
-0.00542945
-0.00658192
-0.0244764
-0.0317296
-0.036048
-0.0411814
-0.0398402
-0.0614375
-0.0446546
-0.0401797
-0.0245173
-0.0257367
-0.022534
-0.0228231
-0.0176089
-0.0141514
-0.0211587
-0.0263346
-0.0331862
-0.0367519
-0.0405673
-0.0544486
-0.0317338
-0.0313466
-0.0407398
0.0197887
0.0185131
0.00894803
-0.00362581
-0.000800501
-0.00397097
-0.0311041
-0.0384867
-0.0378876
-0.0465048
-0.0350163
-0.0165763
-0.0152616
-0.00586004
0.00573106
0.00428082
0.0163927
-0.0106758
-0.0278739
-0.0232205
-0.0171194
-0.0206365
-0.0245288
-0.0198637
-0.0320946
-0.0209139
-0.0138007
-0.0204838
-0.0130736
-0.00499686
-0.0177176
-0.0213873
-0.0191728
-0.0066237
-0.00502666
0.000365499
-0.00496436
-0.00722023
0.000822879
-0.00458211
-0.00543747
-0.0183452
-0.0417089
-0.0512123
-0.0438903
-0.0459085
-0.0549604
-0.042823
-0.0316267
-0.00785413
-0.0144459
-0.0172487
-0.0242192
-0.0220057
-0.0190982
-0.027156
-0.0381797
-0.0376956
-0.0382018
-0.0511986
-0.0595172
-0.0508055
-0.0415972
-0.0386676
0.0186539
0.0209844
0.0206688
0.019533
0.00524727
-0.0098726
-0.0234669
-0.0308282
-0.0436364
-0.0439335
-0.0444933
-0.0328994
-0.0312091
-0.0220909
-0.0101699
-8.6468e-05
0.0036215
-0.00586802
-0.0166743
-0.0177622
-0.00751266
-0.00803049
-0.0153246
-0.0198052
-0.0217661
-0.0217326
-0.0232429
-0.0243154
-0.0179341
-0.0178545
-0.0169794
-0.00345382
0.00358757
0.00317756
-0.000428946
-0.00226069
-0.00838417
-0.000315979
0.000270182
-0.00827866
-0.0277762
-0.0328674
-0.0472438
-0.061621
-0.0534615
-0.043301
-0.0411862
-0.0291008
-0.00637607
0.00287202
-0.00899451
-0.0164552
-0.0198252
-0.0193188
-0.0245891
-0.0345841
-0.0437456
-0.0561472
-0.0400793
-0.0582899
-0.0707306
-0.0662684
-0.0634391
-0.0513756
0.0201177
0.0149906
0.019299
0.0217718
-0.0012909
0.00206309
-0.00373557
-0.0222713
-0.0398903
-0.0249144
-0.0310214
-0.0345549
-0.0422692
-0.0281899
-0.0210005
-0.00502307
-0.0128119
-0.00343388
0.00122619
-0.00154223
0.00784607
0.00742624
0.00319233
-0.0102773
-0.0156877
-0.00690225
-0.0300876
-0.0243635
-0.0222399
-0.0193801
-0.0125449
-0.00662668
0.00373236
-0.00657764
-0.00921842
-0.00890904
-0.00457259
-0.00276894
-0.00818464
-0.0148812
-0.0247859
-0.036194
-0.0351957
-0.0498413
-0.0594319
-0.0536405
-0.0437438
-0.0303168
-0.00752518
-0.00648327
-0.00869585
-0.0112851
-0.0231119
-0.0194846
-0.0233455
-0.0388691
-0.0381168
-0.0469839
-0.0510034
-0.0540239
-0.0725069
-0.0668537
-0.0544722
-0.0502525
0.019144
0.0161995
0.0209833
0.0239679
0.0155561
0.0133911
0.000897922
-0.0225991
-0.0356503
-0.0309635
-0.0177267
-0.0144876
-0.0352859
-0.0331948
-0.0203997
-0.0224151
-0.0236418
-0.0111318
0.0200076
0.0200267
0.0300192
0.0224198
0.0143464
-0.00456517
0.00168993
-0.00748869
-0.0139497
-0.0248195
-0.0295309
-0.0353583
-0.0308481
-0.00508123
0.0088871
-0.00237553
-0.0083457
-0.01597
-0.00393174
0.00214874
-0.0113756
-0.0224767
-0.0415131
-0.033347
-0.0268157
-0.0334676
-0.0479567
-0.0400423
-0.0457224
-0.027494
-0.0161801
-0.0158814
-0.0155548
-0.0193571
-0.0158596
-0.012029
-0.00475414
-0.025945
-0.0252063
-0.0332094
-0.0401939
-0.0360585
-0.0585266
-0.0568925
-0.0413259
-0.044538
0.0293074
0.0300276
0.0289854
0.0280428
0.0102539
0.0142614
0.0049669
-0.0181234
-0.0244293
-0.0165748
-0.00400372
-0.00262182
-0.00661243
-0.0212091
-0.0277693
-0.0238487
-0.00441207
0.00951929
0.0188727
0.0287626
0.0372205
0.0322818
0.0207737
0.0150377
0.00732015
0.00192744
-0.00540191
-0.0186203
-0.0236493
-0.0171099
-0.0197553
-0.0151737
0.0021157
0.00573721
0.0121513
-4.19913e-05
0.00848684
0.00673219
-0.0141314
-0.0315026
-0.0465265
-0.0448211
-0.0371027
-0.0402537
-0.0450082
-0.0499956
-0.0460823
-0.0254702
-0.0207565
-0.0185025
-0.0190094
-0.0288279
-0.0216499
-0.0154123
-0.0129152
-0.0304179
-0.0353988
-0.0427962
-0.0427035
-0.0392611
-0.0466196
-0.0454449
-0.027596
-0.0320419
0.0314905
0.0349874
0.0335706
0.0205031
0.0134396
0.000438722
0.00629589
0.00503525
0.00467922
0.0123031
0.0270612
0.0287624
0.0231304
0.014077
-0.00347197
-0.0101475
0.00674064
0.00997286
0.0160882
0.0196694
0.0276856
0.0250395
0.0243229
0.012153
0.0104569
0.0122469
0.00540543
-0.0119137
-0.0214199
-0.0160478
-0.0161324
-0.00637708
0.000598361
0.0160731
0.0180821
0.0117754
0.00746345
0.00245019
-0.0196262
-0.0313693
-0.0342024
-0.0371512
-0.0334841
-0.0497559
-0.0482275
-0.0555745
-0.0529429
-0.0346755
-0.0274125
-0.0252988
-0.0233837
-0.0268445
-0.0161738
-0.00912208
-0.023777
-0.0391655
-0.0508051
-0.0497398
-0.0558326
-0.0385181
-0.038085
-0.022544
-0.0142349
-0.0104453
0.0382312
0.0371192
0.0305735
0.0191919
0.00813881
-0.010297
0.00199181
0.00687726
0.016714
0.0267929
0.0364601
0.0426484
0.0387309
0.0261551
0.0187736
0.00378438
0.0169778
0.0271221
0.0407879
0.0352544
0.0272851
0.0230801
0.021258
0.0147917
0.005856
0.00648569
0.00705781
-0.00826971
-0.0221096
-0.0196663
-0.0131384
-0.00948333
-0.000853532
0.00607919
0.00902623
0.00885267
0.00473678
0.0103553
-0.00611093
-0.0190078
-0.00916421
-0.0197196
-0.0255847
-0.0424156
-0.0413881
-0.0365223
-0.0381549
-0.0359315
-0.0319132
-0.0152381
-0.0181191
-0.0185555
-0.0105189
-0.0131191
-0.0263709
-0.0389196
-0.0411706
-0.039939
-0.0399481
-0.0290387
-0.0291908
-0.016481
-0.00998394
-0.0052291
0.0239901
0.0311186
0.0138256
0.01501
0.0026997
-4.19832e-05
0.000561759
0.00264445
0.0233429
0.0312265
0.0322444
0.0419472
0.041611
0.0349224
0.0300378
0.0426683
0.0366384
0.0275523
0.039726
0.0410261
0.0490943
0.031933
0.0244884
0.0287971
0.0213443
0.0124949
0.00344665
-0.00271934
-0.0093871
-0.0139409
-0.0142156
-0.0104421
-0.00313347
-0.00318683
0.013644
0.00430661
0.000542464
0.00619546
-0.000890834
-0.0121681
-0.0191633
-0.0251067
-0.0142515
-0.0315144
-0.0279273
-0.0154418
-0.0294802
-0.0243543
-0.0249649
-0.0100653
-0.0220347
-0.0247499
-0.0141086
-0.00822255
-0.0233561
-0.0390935
-0.0422682
-0.0388688
-0.0351218
-0.0170451
-0.0104809
-0.0064429
-0.0159449
-0.0201551
0.00371815
0.00951395
-0.00156774
-0.00839395
-0.00922541
-0.00739179
-0.0194584
-0.0216283
0.00556184
0.0177309
0.0164374
0.0291027
0.0369598
0.0475652
0.0336678
0.0495091
0.0539256
0.0477604
0.0448743
0.0434376
0.0378666
0.0230117
0.0276433
0.0358082
0.0276828
0.0198644
0.00620345
-0.00720966
-0.0122683
-0.00709863
-0.0011106
0.0034102
0.0071071
0.00481409
0.0187601
0.0191057
0.0142052
0.0094433
0.00842881
-0.000238074
-0.00349363
-0.00419461
-0.0130845
-0.021412
-0.0165011
-0.0108585
-0.0158982
-0.00453618
-0.00858603
-0.00599146
-0.0214542
-0.0267828
-0.0113758
-0.00690984
-0.00817832
-0.0220801
-0.0352381
-0.0396602
-0.0367901
-0.0222321
-0.0170377
-0.0315851
-0.0411808
-0.0368769
-0.00651839
-0.00839691
-0.0149337
-0.0316731
-0.026462
-0.0318829
-0.0264426
-0.0314952
-0.0162928
-0.000571896
0.00429139
0.0274664
0.0386161
0.0367913
0.0260538
0.0294946
0.0378943
0.0465855
0.0374287
0.0291455
0.0185206
0.0120413
0.0275389
0.0215635
0.00621996
0.00328477
-0.00362767
0.00693714
0.000766616
-0.00385154
-0.00422716
0.00802763
0.0235367
0.034604
0.0378833
0.0295432
0.0189459
0.0150102
0.013829
0.00753072
-0.00504962
-0.00366982
-0.0113433
-0.00346153
-0.00202545
0.0108214
0.00843425
0.0115486
-0.00433686
-0.0162025
-0.0124829
-0.0168551
-0.010217
-0.00694309
-0.0173429
-0.0237502
-0.0332542
-0.0415851
-0.0368332
-0.0333156
-0.0173567
-0.0393921
-0.0466092
-0.0435991
-0.00326243
-0.0149798
-0.0207371
-0.0368368
-0.0361227
-0.0308878
-0.0223271
-0.0277044
-0.0284677
-0.00621496
0.00353698
0.0157614
0.0277601
0.0210228
0.0148274
0.0337418
0.0419012
0.0449121
0.0443866
0.0278388
0.0136402
0.00730766
0.0099872
0.00818181
0.00915771
0.00625586
0.00395345
0.0162646
0.0187015
0.0150557
0.00520993
0.00354731
0.0186677
0.0335717
0.0377492
0.0283483
0.0235077
0.0110229
0.0136279
0.0062851
0.000628968
-0.0100233
-0.0102541
0.00119586
0.00623677
0.0113555
0.00404586
0.0159597
-0.0036818
-0.0241922
-0.0273594
-0.032235
-0.0170122
-0.018164
-0.0252304
-0.0417044
-0.0457483
-0.0419535
-0.0317605
-0.0203226
-0.0294962
-0.0371748
-0.0398554
-0.044849
-0.00333804
-0.0123623
-0.011235
-0.0297781
-0.0235907
-0.0211588
-0.0238031
-0.0330785
-0.0208544
-0.00063432
0.00812635
0.00880807
0.0189409
0.0245054
0.0215064
0.0274569
0.0370424
0.0440993
0.0417299
0.0101652
0.00647909
0.000854516
-8.40772e-05
-0.00282632
0.00794798
0.000644616
0.000596881
-0.0006223
0.00376306
-0.00104923
0.00572111
0.0104963
0.0222841
0.0262881
0.0400889
0.0324798
0.0285616
0.0158442
0.0124104
0.0191303
0.00233394
-0.00744961
-0.006263
-0.00604426
-0.00605371
0.0100593
0.0110387
0.00472642
-0.00654395
-0.0140794
-0.021656
-0.0213621
-0.0141933
-0.0249489
-0.0402067
-0.0477901
-0.0517654
-0.0462193
-0.0371942
-0.0147843
-0.00757758
-0.0144382
-0.0236193
-0.0154213
-0.00210922
-0.00955521
-0.00849815
-0.0164768
-0.0172996
-0.0311202
-0.0226335
-0.0192669
-0.00570628
-0.00249444
-0.00456696
0.0129236
0.0237901
0.0245267
0.0187743
0.0253979
0.0297882
0.0239035
0.0128576
-0.000895519
-0.0122217
-0.0216226
-0.0123975
-0.0111837
-0.00128988
-0.000592795
-0.00876041
-0.0126068
-0.00747735
0.00853056
0.0158145
0.00996893
0.00847678
0.0167106
0.0277976
0.0322123
0.0320447
0.0274035
0.0199566
0.0289426
0.00905265
-0.00121542
-0.0132947
-0.0259106
-0.0160752
0.00491722
0.01492
0.0107814
0.00406836
-0.00504028
-0.012259
-0.0338207
-0.0181523
-0.0282926
-0.0410838
-0.0380762
-0.0460638
-0.0406642
-0.0350737
-0.0235249
-0.0192475
-0.0229775
-0.020625
-0.0221123
-0.0239503
-0.0177596
-0.0153203
-0.0155847
-0.0307094
-0.0392066
-0.0333207
-0.0274162
0.00233637
-0.00838243
-0.00416295
0.0218731
0.0135162
0.0159303
0.0278207
0.027256
0.0199977
0.0198186
-0.00389238
-0.00415247
-0.0145814
-0.0160147
-0.0161359
-0.0110539
-0.0117308
-0.0208472
-0.0207069
-0.0183448
-0.0144926
0.00517793
0.0128087
-0.000472929
-0.00211071
0.0194961
0.0312681
0.0376781
0.0424916
0.047157
0.021643
0.0223645
0.0258654
0.00311376
-0.0151512
-0.0194051
-0.0110013
0.0113942
0.0204552
0.0147712
-0.000881857
-0.00804773
-0.0149513
-0.0234249
-0.0273099
-0.0261357
-0.0357833
-0.0380864
-0.0420314
-0.0441954
-0.048108
-0.0358273
-0.0310132
-0.0403282
-0.0386499
-0.0465829
-0.0268771
-0.0250853
-0.0198275
-0.0239061
-0.0239393
-0.0345253
-0.0379248
-0.028738
-0.0170171
-0.0139462
-0.00944626
0.0112049
0.0144918
0.00056772
0.0065688
0.00958706
0.0167876
0.0116501
-0.0155561
-0.00824448
-0.00906217
-0.000694768
-0.01108
-0.00707953
-0.00873985
-0.0188384
-0.032382
-0.0265575
-0.0274019
-0.0148009
-0.0032687
-0.0188945
-0.00125354
0.011051
0.0321009
0.0401834
0.0287861
0.0327816
0.0184994
0.0197465
0.0221147
0.00688237
-0.00630852
-0.00809209
-0.00625908
0.00286323
-0.00163539
-0.00587337
-0.00916153
-0.00978738
-0.0067602
-0.0183912
-0.0223098
-0.024188
-0.0326156
-0.0383828
-0.0272404
-0.0387416
-0.0487726
-0.0432483
-0.0440327
-0.0562315
-0.0438802
-0.0460317
-0.0330238
-0.0354299
-0.0192865
-0.0207614
-0.0154899
-0.0305559
-0.0244821
-0.0357723
-0.0291618
-0.0182628
-0.0093341
-0.0103015
0.0028375
-0.00158908
0.00519459
0.00931721
0.018897
0.0164957
-0.00698883
-0.0101263
-0.0162646
-0.0168849
-0.0241287
-0.0217964
-0.0157986
-0.0207355
-0.0367424
-0.040911
-0.0421291
-0.0203001
-0.0252859
-0.0112391
-0.00896323
0.00136364
0.0205815
0.0326669
0.0195685
0.0222949
0.0145508
0.0144571
0.0157148
0.0108853
-0.000122929
-0.00174491
-0.0087382
-0.00995338
-0.00839908
-0.0242607
-0.0251023
-0.0213453
-0.00547955
-0.00545808
-0.0239553
-0.0216263
-0.0121915
-0.00749849
-0.00861411
-0.0221651
-0.0294551
-0.0408159
-0.0467417
-0.0489049
-0.0615788
-0.067044
-0.0222536
-0.0172781
-0.00859084
-0.010061
-0.0155351
-0.0118094
-0.01518
-0.0298495
-0.0297733
-0.0343889
-0.0101845
-0.00803405
-0.0148172
-0.020479
-0.00461928
0.0130821
0.0185159
0.0246812
0.0122448
0.00550126
0.00309079
-0.00686419
-0.025235
-0.0281876
-0.0240546
-0.0313928
-0.0481899
-0.0442763
-0.0469116
-0.0319408
-0.020597
-0.0166787
-0.00538923
0.00768776
0.00837783
0.0207517
0.0198068
0.0228736
0.0234873
0.0186264
0.0117489
0.00864245
0.00894343
0.00190297
-0.0180969
-0.0182219
-0.0239447
-0.0269363
-0.0289867
-0.0136405
-0.000893844
-0.00223534
-0.0183239
-0.0195284
-0.00414666
-0.00907596
-0.00531651
-0.0231007
-0.0179812
-0.0376613
-0.0477973
-0.0523782
-0.0662274
-0.0559482
-0.00518609
-0.00474959
-0.0103425
-0.0195279
-0.0163283
-0.00935729
-0.0139711
-0.0176219
-0.0339962
-0.0424255
-0.028356
-0.00949509
0.00336103
-0.0132312
-0.0120768
0.00226145
0.00880573
0.0165433
0.011021
0.0103336
0.0108344
0.00449723
-0.0107075
-0.013081
-0.00924113
-0.0229307
-0.0428489
-0.0408236
-0.0361748
-0.0173795
-0.0165784
-0.00962648
-0.00934987
0.00532755
0.00762451
0.0125265
0.0267696
0.0340494
0.0246029
0.022818
0.0194698
0.016496
-0.00219551
-0.0189652
-0.0372507
-0.0339834
-0.0315825
-0.0242923
-0.00748776
-0.00203263
0.0130254
0.0211921
0.00508251
-0.0151573
-0.00820971
-0.00390834
-0.00409657
-0.00581014
0.00244428
-0.0122266
-0.0269049
-0.0475954
-0.0549525
-0.0499495
-0.0093064
-0.019937
-0.0339536
-0.0241511
-0.0265027
-0.0153971
-0.0261203
-0.0201444
-0.0277371
-0.0366272
-0.0229593
0.00216799
0.00712782
-0.00534143
-0.0207236
-0.0200976
0.0117928
0.0110618
0.00733087
0.000132083
-0.0126019
0.00132365
-0.00332455
-0.00715872
-0.00925571
-0.0256068
-0.0339106
-0.0368559
-0.0356759
-0.0196597
-0.0107987
0.00128648
-0.00185347
0.010542
0.0153598
0.0114701
0.0376222
0.0426708
0.0343947
0.0190568
0.00453299
-0.00118529
-0.0131619
-0.0291939
-0.0423999
-0.0368329
-0.0281375
-0.0260943
-0.00726124
-0.00204673
0.00829853
0.0136079
0.00484722
-0.0243466
-0.0205548
-0.0116826
-0.0123467
-0.00602209
-0.00531382
-0.0139647
-0.0167429
-0.0200755
-0.0310209
-0.0412202
-0.0146377
-0.0209412
-0.0342516
-0.0342002
-0.0374498
-0.0314041
-0.0220016
-0.0164705
-0.0260029
-0.0220619
0.00273064
0.0141879
0.0154066
0.0030799
-0.0151484
-0.0189667
0.000732542
-0.0130147
-0.00806983
-0.00812508
-0.016782
-0.0134207
-0.0149109
-0.0135828
-0.0135629
-0.0231491
-0.0148285
-0.0215164
-0.0278594
-0.0267953
-0.0220195
-0.0145065
-0.00739933
-0.000682844
0.0064739
0.0174691
0.0365599
0.0423961
0.0314936
0.00219727
-0.0142399
-0.0261997
-0.0211428
-0.0301699
-0.0441855
-0.03087
-0.0384852
-0.0236433
-0.00520339
-0.00755515
-0.0103825
0.000275097
-0.00270194
-0.0077348
-0.0123572
-0.0131136
-0.0115887
-0.00391092
-0.00436208
-0.017776
-0.0173609
-0.0176503
-0.0168678
-0.0284178
-0.0245378
-0.0302418
-0.0370843
-0.038657
-0.0416436
-0.0430528
-0.0250034
-0.0122262
-0.0324805
-0.0121114
0.00388876
0.00160336
-0.00082852
-0.000391696
-0.00849695
-0.0191819
-0.01728
-0.0156233
-0.0305545
-0.0156854
-0.0101694
-0.0095263
-0.00676802
-0.00145344
-0.0154512
-0.0239816
-0.02342
-0.0305854
-0.0383729
-0.0431569
-0.0446811
-0.0355747
-0.0263925
-0.0210424
-0.00444905
0.0091239
0.0195495
0.0233133
0.014194
-0.0141328
-0.0186286
-0.0278746
-0.0234041
-0.0264009
-0.031919
-0.0204274
-0.0233075
-0.0196473
-0.0123592
-0.0138994
-0.0182578
-0.0134004
-0.0214407
-0.01907
-0.0353722
-0.0348461
-0.0201507
-0.00548068
-0.011732
-0.0246477
-0.016545
-0.00583284
-0.00325715
-0.0156405
-0.0356332
-0.0347552
-0.0367925
-0.0336864
-0.0543431
-0.0371479
-0.032557
-0.0168812
-0.0180658
-0.0147316
-0.0147438
-0.00912319
-0.0052158
-0.011851
-0.0168619
-0.0238065
-0.0276414
-0.0316527
-0.0452607
-0.0212412
-0.0176152
-0.0198959
-0.00288596
0.00371232
-0.00124859
-0.0108959
-0.00640566
-0.00904491
-0.0366102
-0.0450586
-0.04574
-0.0554612
-0.0446361
-0.0262743
-0.0244418
-0.0140544
-0.00122995
-0.00144183
0.0117469
-0.0144294
-0.0308953
-0.025661
-0.0191697
-0.022559
-0.026694
-0.0227428
-0.0359918
-0.0258871
-0.0196821
-0.0269514
-0.0199431
-0.0122504
-0.0255303
-0.0300925
-0.0290231
-0.0174937
-0.0163239
-0.010401
-0.0141936
-0.0139921
-0.00270712
-0.00398811
0.00109869
-0.00124618
-0.0514464
-0.0508246
-0.0384927
-0.0377985
-0.0454354
-0.0327527
-0.0214907
0.00223119
-0.00434865
-0.00697878
-0.0134922
-0.010547
-0.00679474
-0.0141048
-0.0247655
-0.0244391
-0.0255302
-0.0391256
-0.047455
-0.0374493
-0.0248202
-0.0156591
-0.00788283
0.00199093
0.00752717
0.0106635
-0.0010526
-0.0154215
-0.0299332
-0.0392881
-0.0543959
-0.0565973
-0.0582837
-0.0468126
-0.0442224
-0.0334261
-0.0194603
-0.00743637
-0.00220778
-0.0105079
-0.0203269
-0.0205694
-0.00968559
-0.00988452
-0.0174
-0.0230964
-0.0268079
-0.0285711
-0.0315199
-0.0331948
-0.0270902
-0.0272284
-0.0268892
-0.0147037
-0.00976313
-0.0122281
-0.0169141
-0.0180532
-0.0218472
-0.0100514
-0.00487006
-0.00845789
-0.0221264
-0.0189383
-0.0503554
-0.0569924
-0.0443259
-0.0312884
-0.027599
-0.0151817
0.00720028
0.0161508
0.0041759
-0.00318051
-0.00586692
-0.00408351
-0.00783635
-0.0163604
-0.0247963
-0.0375261
-0.0228193
-0.0426804
-0.0561338
-0.0511067
-0.0450854
-0.0259066
-0.012171
-0.00802346
0.00374071
0.0122959
-0.0069708
-0.00273646
-0.0106031
-0.03299
-0.0548129
-0.0430763
-0.0510893
-0.0548194
-0.0609347
-0.0439393
-0.033259
-0.0141684
-0.0199598
-0.00912907
-0.00320811
-0.00472951
0.00569215
0.00603267
0.00203486
-0.0137088
-0.0222314
-0.0165114
-0.0422582
-0.0366907
-0.0344738
-0.0313062
-0.0245403
-0.0205607
-0.0142326
-0.0287269
-0.0339826
-0.0326277
-0.0247447
-0.0171141
-0.0157122
-0.0167161
-0.0220207
-0.0304177
-0.0252943
-0.037368
-0.0441975
-0.0354621
-0.0237645
-0.0107608
0.0105325
0.0108622
0.00838871
0.00547692
-0.00539901
0.000505736
-0.000756858
-0.0132699
-0.0110624
-0.0204755
-0.0274848
-0.0342672
-0.0557855
-0.0513006
-0.0369966
-0.0269058
-0.0170186
-0.0108577
0.00313724
0.0154138
0.0129574
0.0119053
-0.005137
-0.0360818
-0.0568944
-0.0574099
-0.0473867
-0.0445203
-0.0624136
-0.0551936
-0.0362293
-0.0329718
-0.0321355
-0.0181461
0.0144507
0.016418
0.027985
0.0218995
0.0165245
-0.00757362
-0.00692574
-0.021141
-0.0333927
-0.0418302
-0.0460361
-0.0504135
-0.0440195
-0.0207218
-0.0149758
-0.0346098
-0.0470303
-0.0520133
-0.0347072
-0.0189446
-0.0207677
-0.0250212
-0.0398224
-0.0312518
-0.00667954
-0.0123408
-0.0255877
-0.0131008
-0.0155286
0.000338696
0.00701717
0.00646719
0.00687228
0.000959964
0.00569824
0.0139948
0.0250652
0.0106329
0.0141186
0.00575052
-0.00776286
-0.0113006
-0.0402098
-0.0427947
-0.0272791
-0.0254617
-0.0128403
-0.00334323
0.00734306
0.0230629
0.015371
0.0216325
0.00218036
-0.0351346
-0.0562536
-0.0554102
-0.0484694
-0.0481031
-0.0465965
-0.0522574
-0.0475399
-0.0334514
-0.0143472
0.000646711
0.0112581
0.0248175
0.0352039
0.0314085
0.0343466
0.0126324
-0.0046273
-0.0161064
-0.0418958
-0.0397489
-0.0466905
-0.0369324
-0.0308036
-0.0280188
-0.0294051
-0.0410818
-0.0526404
-0.0539199
-0.039768
-0.0248161
-0.0212857
-0.0323479
-0.0419446
-0.0393035
-0.0126428
-0.00903492
-0.0170454
-0.0108153
0.00235509
0.0151399
0.00564944
0.00971011
0.0127426
-0.00668108
0.00225235
0.0193971
0.0235576
0.0240764
0.0224549
0.017896
0.0023787
-0.00875332
-0.0274643
-0.0358424
-0.0209348
-0.0233019
-0.0161696
-0.0103182
0.00146656
0.0252646
0.0345248
0.0296682
0.0106018
-0.0162771
-0.0480733
-0.0434089
-0.0403821
-0.0423188
-0.0363473
-0.0308466
-0.0276556
-0.00906422
-0.00682576
-0.00166327
0.0033952
0.016813
0.0263106
0.023523
0.0173187
0.002167
-0.00904433
-0.0209517
-0.0373937
-0.0465948
-0.05008
-0.0441702
-0.0478096
-0.0403244
-0.0447758
-0.048592
-0.0555234
-0.0519331
-0.0424913
-0.0277644
-0.0258441
-0.0310664
-0.0463126
-0.052898
0.00562409
0.0064736
0.00303896
0.0134169
0.0268515
0.0193497
0.0155212
0.0215862
0.0170481
-0.00125268
-0.00620575
0.0157374
0.0111772
0.0181841
0.0107815
0.0155395
0.0042331
-0.00663086
-0.0255953
-0.0233371
-0.0166274
-0.0222856
-0.00830404
-0.0149246
-0.00507033
0.0107261
0.0178572
0.018395
0.00218021
0.00444569
-0.0278601
-0.0334405
-0.0263414
-0.0240026
-0.0161836
-0.00269093
0.00369272
0.00542226
0.00125931
-0.00521379
0.00270938
0.0166194
0.0189172
0.0107224
0.0171537
-0.00416716
-0.00700881
-0.0323406
-0.0280121
-0.0308552
-0.0377203
-0.0358424
-0.0432304
-0.0444147
-0.0559139
-0.0568141
-0.0589528
-0.0452151
-0.0392695
-0.0294692
-0.029998
-0.0283531
-0.0326631
-0.039792
0.0148592
0.0144542
0.00522939
0.0157484
0.0254834
0.0203651
0.0206295
0.0224976
0.0103095
-0.0101298
-0.0153955
0.00344754
0.00958601
0.0240181
0.0307717
0.0108705
0.0136793
0.00343277
-0.0229471
-0.0272455
-0.0167354
-0.018201
-0.0155998
-0.00960842
-0.00750626
-0.00051696
0.00592129
-0.00227512
-0.00997101
-0.00187876
-0.0176105
-0.0147535
-0.00675444
-0.00648945
0.00262779
0.00291641
-0.0122696
-0.00788517
0.00490401
0.00770587
0.0109844
0.00349917
0.00841821
0.00195189
0.0125972
0.00139362
-0.000264036
-0.0190728
-0.0281247
-0.0211339
-0.0213168
-0.0347064
-0.0491291
-0.04436
-0.0535655
-0.0666762
-0.0536214
-0.0440891
-0.0335182
-0.0259546
-0.020521
-0.0143209
-0.0239697
-0.0412333
0.00809499
0.00425792
0.00888219
0.00759821
0.0116364
0.016551
0.0119541
0.0059071
-0.00914467
-0.0163575
-0.0122942
0.0131782
0.00544802
0.0108937
0.0214476
0.0179925
0.023635
-0.00051227
-0.00315584
-0.0100506
-0.0173693
-0.00728416
-0.0103137
-0.00461911
-0.0142423
-0.0120448
-0.00508804
-0.0215362
-0.0184796
-0.0122814
-0.01581
-0.0220143
-0.0137253
-0.00136305
-0.00665232
-0.00286256
-0.0188743
-0.0187149
-0.00593828
0.00231271
0.0159288
0.0131544
0.00817459
-0.00623837
0.000252698
-0.00427303
-0.00438897
-0.0325729
-0.0442487
-0.0202105
-0.0237662
-0.0202324
-0.0343584
-0.0453975
-0.0566588
-0.0517658
-0.0437129
-0.0382807
-0.0156502
-0.00964769
-0.0128786
-0.00652265
-0.0109598
-0.0269018
0.00858178
-0.0043987
0.00820776
0.0119848
0.0179366
0.0219371
0.0198734
0.00811842
0.00475115
-0.00144357
-0.00901216
-0.00879135
-0.00402339
0.00429441
0.0115278
0.0181194
0.0101535
0.00892759
-0.00274139
-0.0171397
-0.00929639
0.000232195
-0.00221935
-0.0029977
-0.0081808
-0.0142508
-0.0190869
-0.0347628
-0.0485487
-0.0255659
-0.0228218
-0.0157697
-0.0153298
-0.00403674
-0.0146684
-0.00390476
-0.00284528
-0.0110136
-0.00671118
-0.00173825
0.00335279
0.00848532
0.00646577
0.00416405
0.014776
0.000197846
-0.00586736
-0.0295656
-0.038385
-0.0106135
-0.0108902
-0.000725773
-0.013157
-0.028863
-0.0469489
-0.0478743
-0.0418423
-0.0453761
-0.0186088
-0.0169866
-0.0128679
-0.00588843
-0.0105359
-0.0149991
-0.00134131
0.00552218
0.0135441
0.0267924
0.0325007
0.0320061
0.0317396
0.0127163
0.00114746
-0.00201062
0.0049335
0.0105782
0.00276475
-0.00120793
0.0154144
0.0174086
0.0191885
0.0170268
-0.00128113
0.00152997
-0.00212951
-0.00354235
0.00476439
0.0021357
-0.011248
-0.0197482
-0.03227
-0.0371901
-0.0515129
-0.0377473
-0.0408775
-0.0273863
-0.0150348
-0.0135958
-0.0136679
-0.00200698
0.00360893
-0.000230844
-0.0143672
-0.0154111
0.00234228
0.0161472
0.0194245
0.0202181
0.0251518
0.0107446
0.0093479
-0.011848
-0.0183665
-0.00137831
0.00298754
0.00499043
0.00708838
-0.00974838
-0.0338366
-0.0444268
-0.0543439
-0.0531839
-0.0264219
-0.00824975
-0.0110856
-0.00449576
-0.00772345
-0.0232471
-0.0140438
-0.00151465
0.0184599
0.0267383
0.0283738
0.0410849
0.0311348
0.0227492
0.00859061
-0.000112698
0.00377523
0.0181719
0.0194473
0.010879
0.0231826
0.0243429
0.0257898
0.0215344
0.0088945
-0.00146102
-0.0111868
-0.00543251
0.00158047
-0.00071086
-0.0170349
-0.0292068
-0.0353536
-0.0311503
-0.0472974
-0.0523053
-0.0406633
-0.020532
-0.0224651
-0.0240566
-0.013177
0.0045602
0.0140281
0.00728861
-0.00108281
0.00674499
0.0116121
0.0182394
0.0297629
0.0303879
0.0340725
0.0213812
0.00187237
-0.0177206
-0.0159183
-3.90577e-05
0.00637935
0.00418888
0.00594422
-0.00266273
-0.0158085
-0.0296052
-0.0338565
-0.0396254
-0.021587
-0.00481617
0.00265911
-0.0101032
-0.00717763
-0.00847807
-0.00332156
0.00384901
0.00775451
0.018084
0.0284731
0.0313222
0.03038
0.0206966
0.0138887
0.00764806
0.00782572
0.00471729
0.00322684
-0.00529488
0.0098186
0.0192917
0.0141786
0.0117628
0.0140377
0.00545225
-0.00162646
0.00909231
0.00323774
0.000257059
-0.00314353
-0.0252049
-0.0144463
-0.0240797
-0.0438435
-0.0502881
-0.0355997
-0.0179586
-0.0101342
-0.0228207
-0.0105464
0.00411285
0.0107672
0.00594917
0.017832
0.0287004
0.0325147
0.0312161
0.038708
0.0380884
0.0279773
0.0161219
0.010477
-0.0088244
-0.0130277
0.00172886
0.0126549
0.00908116
0.00805481
-0.00487129
-0.00702472
-0.00798574
-0.030491
-0.0235761
-0.0166587
-0.0159835
-0.0059222
-0.0104941
-0.016682
-0.00389935
0.00179033
0.00130696
0.00469441
0.0109002
0.0202898
0.0235116
0.0301189
0.0286358
0.0311539
0.0217342
0.00330614
-0.00438246
-0.00454722
-0.00643188
0.00727357
0.00530177
-0.00151994
0.00297693
0.0036271
-0.00663526
-0.0168687
-0.0186509
-0.020782
-0.0152249
-0.013402
-0.0293258
-0.0230558
-0.0349623
-0.0493791
-0.0313974
-0.0175335
-0.0154163
-0.0106042
-0.00406133
0.00344352
0.0161712
0.013102
0.011988
0.0259586
0.0302201
0.0368049
0.0300136
0.0265288
0.0369375
0.038543
0.0272225
0.0124133
-0.00408499
-0.0023194
0.00936333
0.00327641
-0.00489521
-0.00723579
-0.000797805
-9.52844e-05
-0.0129268
-0.0308868
-0.0328103
-0.0176821
-0.0106517
-0.00976818
-0.0112735
-0.00981699
-0.00108433
0.00385594
0.00989688
0.0154653
0.0145844
0.00954617
0.0212439
0.0191875
0.023714
0.015755
0.00182724
-0.0103627
-0.0241585
-0.0182597
-0.00539893
0.0108117
0.0105039
-0.0017362
-0.0158496
-0.0102369
-0.00860393
-0.0239912
-0.0384393
-0.0310264
-0.0275981
-0.0236002
-0.0372832
-0.0316863
-0.0376388
-0.0519322
-0.0238858
-0.00543646
-0.00264829
-0.00223931
0.00432947
0.0125203
0.02494
0.0329899
0.0276335
0.0142191
0.0243749
0.0291109
0.0319648
0.0197366
0.0361374
0.0516547
0.021403
0.00885948
0.00911365
0.0187611
0.0241184
0.00239221
-0.00588352
0.00191002
0.00579593
0.00366252
-0.0086435
-0.0352415
-0.0257312
-0.0173978
-0.00609455
-0.00248939
-0.00532743
-0.0143684
0.00349193
0.0192209
0.0127967
0.0128989
0.00725483
0.0154697
0.022688
0.0261145
0.0223863
0.00733147
-0.0105639
-0.0204627
-0.0338849
-0.0229272
-0.0215723
-0.0093259
-0.00917618
-0.0135557
-0.0261282
-0.00990677
-0.0130878
-0.0246239
-0.0476901
-0.0390718
-0.0391814
-0.0398382
-0.0297352
-0.0190334
-0.0387374
-0.039454
-0.0230508
-0.00220389
0.00397734
0.0085932
0.0077414
0.00718778
0.0130425
0.0256643
0.0256547
0.0207087
0.0135346
0.0162161
0.0178399
0.0237196
0.0310228
0.0360146
0.0115409
0.00994969
0.016654
0.0314859
0.0276046
0.0211616
0.0168781
0.0129414
-0.000396138
-0.0119852
-0.0159145
-0.0272347
-0.0192109
0.000302328
0.00637812
0.00844715
0.00426388
-0.00729803
-0.011504
0.0292954
0.0300147
0.0171484
0.0117159
-0.000626801
0.0112978
0.0135323
0.00782269
0.00060196
-0.0120637
-0.0180027
-0.0285215
-0.0219215
-0.0135517
-0.000484639
-0.00749442
-0.0273227
-0.0180755
-0.00774548
-0.0130244
-0.026662
-0.0477082
-0.0436527
-0.0268846
-0.0377788
-0.0271303
-0.0263144
-0.0351893
-0.0378035
-0.0192052
-0.00724738
0.00288706
0.00347958
0.0208302
0.0153294
0.0166559
0.0148592
0.0126188
0.00836236
0.00655893
0.00865663
0.0197342
0.0236593
0.023738
0.0249783
0.0221656
0.0206155
0.0336458
0.0437615
0.0428717
0.0311945
0.00953355
0.0126526
0.00119037
-0.00784223
-0.0117223
-0.0257559
-0.0265816
-0.00516281
0.00523868
0.0167278
0.0103593
-0.00324675
-0.00709034
0.0210051
0.0158488
0.0078331
0.0198808
0.00808975
0.012815
0.0149168
0.0110846
0.0116142
-0.00491487
-0.0129074
-0.00935083
-0.000885349
-0.00698036
-0.00173971
-0.00463377
-0.0145261
-0.00513209
-0.00660895
-0.0133569
-0.0112105
-0.0313141
-0.0274006
-0.0252549
-0.0296289
-0.0250875
-0.0030228
-0.0113054
-0.00747691
-0.0137914
-0.0066626
0.00745098
0.0119683
0.0266874
0.0257665
0.01825
0.00299307
0.00751608
0.0042309
0.00544793
0.0201939
0.0164926
0.0220475
0.0102319
0.00477499
0.0277785
0.028076
0.035548
0.036159
0.0419568
0.0299154
0.0186333
0.00816923
-0.00914439
-0.0158012
-0.0174439
-0.0264389
-0.0181502
-0.00486201
0.00670606
0.00661425
0.00677349
0.00941422
0.0130759
-0.00337524
-0.00589274
-0.00265062
0.00379419
0.0154486
0.0171095
0.0218012
0.0108012
0.0178917
-0.0022196
-0.0216738
-0.00909356
-0.00364522
0.000989542
0.00927724
0.00626321
-0.00345837
-0.00401083
-0.00718101
-0.0043276
0.00403932
-0.0148837
-0.0111022
-0.0140984
-0.02909
-0.0160089
-0.00519696
-0.00497807
0.00515682
-0.00402475
-0.00555381
0.0126552
0.0239563
0.0252521
0.0330196
0.036043
0.0287831
0.0165244
0.0105302
-0.00212548
0.00201691
0.00109635
0.00828477
0.00837995
0.00364632
0.00702124
0.0239123
0.0298153
0.0427791
0.049862
0.0330751
0.0180642
0.00657375
-0.0106275
-0.0159081
-0.0204759
-0.0164352
-0.00826433
0.0190832
0.0226479
0.0129223
0.00667564
0.021318
0.0219185
-0.0034051
-0.0171366
-0.0226968
-0.0134089
0.00513589
0.0148316
0.01644
0.0153039
0.00684965
0.00870892
-0.00149924
0.00125471
-0.000793572
0.00334937
0.00877156
0.00554256
-0.00372561
-0.00843611
0.00333071
0.00818255
0.00247127
-0.00648006
0.00651626
0.00747926
-0.010278
-0.0199041
-0.0115934
0.00308251
0.0054773
0.00418708
0.0102213
0.0155813
0.020001
0.025105
0.0438257
0.0506932
0.0418175
0.024099
0.0212887
-0.00383544
0.00278601
-0.00290295
-0.0103384
-0.0120755
-0.00584627
0.00516973
0.0189202
0.035458
0.0521354
0.0591901
0.0407579
0.0214757
-0.00134747
0.00323739
0.00287918
-0.00110065
-0.000625914
0.00957841
0.0194101
0.0329304
0.0177214
0.0134281
0.0180754
0.0316958
-0.00909231
-0.018351
-0.0254806
-0.0120155
-0.00600435
0.0124041
0.0111186
0.00431828
-0.00433055
0.000656554
-0.00542069
-0.00781162
-0.0035524
-0.00957631
0.000547193
-0.00355693
-0.00962326
-0.0067735
-0.00130757
0.00574254
-0.000364678
-0.00230492
-0.0085475
0.00587532
-0.00527087
-0.0159249
-0.000975967
-0.00237889
0.00823314
0.0275926
0.0207925
0.0258119
0.0246617
0.0210199
0.0339008
0.0400306
0.0413871
0.0236699
0.0222164
0.0110866
-0.00224263
-0.015363
-0.0249555
-0.0334321
-0.0292254
-0.00648611
0.0171032
0.0295488
0.0347436
0.0532021
0.0352765
0.0231709
0.0104502
0.0122431
0.019546
0.00663982
0.0159024
0.0187455
0.0260547
0.0425986
0.0223093
0.020804
0.0193694
0.0219229
-0.0314266
-0.0279832
-0.021422
-0.0127475
-0.0183703
-0.0133384
-0.0105878
-0.00406888
-0.0046053
-0.0144599
-0.0254967
-0.0327325
-0.0225168
-0.0217526
-0.0126909
-0.0114932
-0.00917086
-0.00383135
-0.000645702
-0.0012098
-0.0195666
-0.0292254
-0.0237636
-0.015982
-0.0178194
-0.0107687
-0.0015841
-0.000107234
0.00777534
0.0212572
0.0241549
0.0276242
0.0231633
0.00167975
0.0231415
0.0273741
0.0384057
0.0267759
0.0153452
-0.00770401
-0.0231313
-0.0239846
-0.0234821
-0.0234291
-0.0142792
0.00683893
0.0188751
0.0365916
0.0421998
0.0453255
0.0452381
0.0292049
0.0117096
0.012467
0.0194381
0.0152414
0.030697
0.0364593
0.0349158
0.0536505
0.0435925
0.0303548
0.028766
0.0177713
-0.0388441
-0.0205914
-0.0181751
-0.0133895
-0.0196692
-0.0214106
-0.0182953
-0.00598848
0.00149023
-0.0080666
-0.0415127
-0.0457307
-0.0308325
-0.0445728
-0.0375466
-0.0260554
-0.0121689
-0.0224446
-0.0279715
-0.0385198
-0.0496702
-0.0460022
-0.0367057
-0.0244903
-0.0198265
-0.0151609
-0.014313
-0.00545448
-0.00977389
0.00204152
0.00903086
0.0167304
0.00774198
-0.0084095
0.0123095
0.0140827
0.0136247
0.0187213
-0.00806939
-0.0207104
-0.0280833
-0.0162178
-0.0197716
-0.00486156
0.00275925
0.0255314
0.0401305
0.0507321
0.0466889
0.049917
0.0448273
0.0382199
0.0265015
0.0225133
0.0287678
0.0297129
0.0377366
0.0326166
0.0401041
0.0498402
0.043524
0.034133
0.0202485
0.0162644
-0.0116979
-0.0150466
-0.0201141
-0.0189096
-0.0203373
-0.0247071
-0.0171889
-0.00128398
-0.00403592
-0.0137934
-0.0447642
-0.0519747
-0.0473345
-0.0442091
-0.0325755
-0.0371418
-0.0248328
-0.0363676
-0.0528452
-0.0565246
-0.0667187
-0.0540015
-0.0473394
-0.0388491
-0.0356149
-0.0293433
-0.0239787
-0.0185068
-0.0139192
-0.0131658
-0.00128011
0.00960959
-0.00566069
-0.0170795
-0.0157807
-0.00380456
-0.00220093
0.00377539
-0.00409168
-0.0198077
-0.0306771
-0.0219109
-0.00905438
0.0152093
0.0314802
0.041707
0.0550868
0.0615761
0.0701822
0.0586058
0.0590353
0.0523902
0.0398204
0.0371834
0.0378378
0.0384615
0.037463
0.0384162
0.0336473
0.0457936
0.0326905
0.0209447
0.0172231
0.00836924
0.00297081
-0.0135998
-0.0194971
-0.0281553
-0.0385071
-0.0269563
-0.0198397
-0.00876005
-0.0187191
-0.0246054
-0.0446995
-0.05051
-0.0524063
-0.0465009
-0.0437529
-0.0495902
-0.0439739
-0.0459758
-0.0547002
-0.0691206
-0.0892528
-0.0830765
-0.0716736
-0.0650144
-0.0448573
-0.0309897
-0.030066
-0.0245328
-0.0219901
-0.0204943
-0.0179349
-0.00995313
-0.00467933
-0.0117301
-0.0283027
-0.0145208
-0.00702087
0.0052892
-0.0127557
-0.034285
-0.0308043
-0.0219454
-0.0102594
0.0270936
0.0435585
0.04798
0.0598184
0.0718804
0.0797373
0.0667839
0.0829608
0.0658628
0.038637
0.0354147
0.0457491
0.0432528
0.0490351
0.0340835
0.0378781
0.0415321
0.0240418
0.0146333
0.00747924
0.00723988
0.00475015
-0.00924836
-0.0230345
-0.0358713
-0.0458797
-0.0229464
-0.015892
-0.0158792
-0.0204098
-0.027211
-0.0357796
-0.0461651
-0.0564207
-0.0493769
-0.0540365
-0.0616361
-0.0539154
-0.052739
-0.0628962
-0.0781195
-0.093981
-0.104938
-0.0900494
-0.0838668
-0.0624905
-0.0380184
-0.0225962
-0.0321499
-0.0254686
-0.0200895
-0.0162606
-0.0223939
-0.00902215
-0.00818017
-0.0255826
-0.0293926
-0.0200975
-0.00858184
-0.0119414
-0.0366985
-0.0344408
-0.0150623
-0.00553938
0.0252634
0.0527523
0.0527615
0.0741853
0.0685102
0.0620316
0.0621916
0.0619152
0.0696578
0.0486097
0.0275939
0.0297278
0.0378546
0.0481018
0.0442121
0.040308
0.0379951
0.0326566
0.0204409
0.0246819
0.00262355
