0.318594
0.224533
0.196289
0.187307
0.176559
0.182036
0.177994
0.170034
0.171
0.18159
0.174498
0.170862
0.178973
0.187546
0.18002
0.167719
0.182723
0.182119
0.174165
0.172932
0.173736
0.179382
0.174098
0.169573
0.169871
0.163463
0.173343
0.178356
0.175898
0.174003
0.174494
0.171308
0.181289
0.178711
0.17756
0.184117
0.201869
0.324687
0.209573
0.137837
0.122438
0.123029
0.121385
0.118919
0.119522
0.11223
0.116938
0.120264
0.118284
0.113276
0.118977
0.125168
0.123318
0.115284
0.115739
0.121933
0.123872
0.122523
0.113334
0.11702
0.11432
0.114446
0.116139
0.111917
0.116597
0.116241
0.116497
0.120049
0.121178
0.123475
0.124986
0.113703
0.121984
0.123073
0.13812
0.208395
0.172773
0.120822
0.110136
0.109396
0.112336
0.107622
0.107892
0.104712
0.10346
0.110416
0.107645
0.101817
0.100022
0.108224
0.1045
0.105616
0.107251
0.105523
0.112454
0.107745
0.100465
0.106386
0.110317
0.112556
0.103094
0.10093
0.102162
0.106972
0.109391
0.106452
0.102718
0.107406
0.106169
0.101662
0.106281
0.110811
0.127874
0.192745
0.179724
0.125728
0.110057
0.101177
0.101808
0.102004
0.105261
0.100037
0.102673
0.103452
0.107356
0.0968996
0.0992381
0.102124
0.0965033
0.104129
0.101742
0.105476
0.10933
0.110487
0.102941
0.106121
0.10633
0.113336
0.102559
0.100022
0.101973
0.106127
0.106585
0.10297
0.107607
0.107282
0.105819
0.0990389
0.103691
0.108147
0.128348
0.184883
0.182045
0.123459
0.108579
0.103059
0.105227
0.104604
0.100718
0.101796
0.104072
0.1019
0.103136
0.096676
0.102696
0.105501
0.101643
0.104741
0.10693
0.098538
0.103185
0.104479
0.105945
0.103149
0.106252
0.104741
0.101211
0.0967256
0.106501
0.101554
0.102483
0.105982
0.103445
0.106005
0.104487
0.105543
0.108967
0.11423
0.124933
0.171546
0.186333
0.122397
0.109346
0.107261
0.103855
0.106306
0.100868
0.106198
0.111565
0.106481
0.102837
0.101406
0.0993645
0.104177
0.105483
0.11134
0.105661
0.100279
0.102312
0.103093
0.104333
0.102488
0.108959
0.100739
0.105592
0.106997
0.11019
0.110413
0.105265
0.103731
0.100839
0.104304
0.100782
0.102607
0.109482
0.108686
0.12504
0.18364
0.185683
0.122471
0.107629
0.106053
0.107947
0.105863
0.100403
0.105279
0.104491
0.104115
0.103582
0.10564
0.108502
0.0996382
0.103452
0.103645
0.103042
0.105357
0.10412
0.105839
0.100954
0.104093
0.107548
0.108833
0.106841
0.105663
0.105344
0.112172
0.103677
0.0989675
0.105515
0.101592
0.0947233
0.102045
0.108052
0.106959
0.119768
0.180006
0.176727
0.125957
0.111009
0.110757
0.102426
0.103981
0.0980509
0.101738
0.107973
0.106837
0.104646
0.10876
0.110165
0.104301
0.101405
0.108842
0.109335
0.100046
0.105696
0.104295
0.100618
0.110343
0.105959
0.101802
0.109365
0.107818
0.104967
0.112008
0.102999
0.102888
0.100317
0.0972614
0.101191
0.102428
0.10853
0.106301
0.11549
0.169857
0.185732
0.119125
0.11079
0.109084
0.100675
0.0989988
0.102356
0.111169
0.106805
0.102739
0.100849
0.101311
0.104245
0.101963
0.100586
0.105765
0.1066
0.101912
0.0961899
0.103297
0.101722
0.10284
0.0962662
0.100987
0.110216
0.10445
0.100284
0.10832
0.104532
0.104608
0.103747
0.100693
0.102963
0.100382
0.105467
0.109595
0.118573
0.169122
0.183086
0.115539
0.104528
0.104555
0.100095
0.100963
0.10433
0.111256
0.108162
0.10402
0.0992692
0.103026
0.108314
0.104606
0.106206
0.107318
0.102905
0.101454
0.0949619
0.0991669
0.103996
0.10824
0.100171
0.10241
0.104422
0.099866
0.105485
0.104252
0.0967099
0.103564
0.104272
0.100339
0.104657
0.10198
0.108398
0.111458
0.123618
0.174472
0.176474
0.120434
0.102761
0.101959
0.0996369
0.1021
0.103597
0.101821
0.100078
0.101764
0.101139
0.099877
0.103118
0.105264
0.105954
0.106473
0.0985029
0.104231
0.100303
0.0985286
0.101371
0.0988279
0.101753
0.099132
0.0960171
0.106034
0.104625
0.100714
0.101687
0.105538
0.101256
0.105345
0.106653
0.0974001
0.106287
0.11058
0.122724
0.179901
0.182053
0.114914
0.103621
0.10174
0.0982986
0.0948997
0.0985437
0.104682
0.102791
0.103918
0.0977719
0.102282
0.107506
0.104268
0.112575
0.107271
0.0942096
0.102396
0.105108
0.103452
0.106907
0.106391
0.103986
0.10047
0.100848
0.0994601
0.105732
0.107249
0.102284
0.105933
0.104089
0.103555
0.0993045
0.0941226
0.104956
0.110127
0.125504
0.184252
0.176231
0.120433
0.103327
0.101954
0.100571
0.0982251
0.104748
0.107905
0.108953
0.105407
0.101259
0.0995568
0.0997938
0.101203
0.102369
0.104589
0.105556
0.106272
0.100843
0.10186
0.0995069
0.0993446
0.108501
0.109107
0.10256
0.10167
0.101461
0.109083
0.107369
0.107702
0.102497
0.105756
0.100056
0.096217
0.102
0.110657
0.117935
0.17708
0.183987
0.123309
0.106983
0.100598
0.106023
0.105799
0.104333
0.103229
0.103317
0.105962
0.102406
0.0991463
0.0980988
0.0964235
0.100896
0.105453
0.103303
0.102812
0.100407
0.100412
0.105156
0.104592
0.106299
0.106596
0.100734
0.103335
0.102241
0.103165
0.102365
0.106192
0.106559
0.103496
0.103106
0.0973541
0.102075
0.107385
0.11934
0.167305
0.17774
0.126099
0.110314
0.101662
0.101722
0.10745
0.109313
0.107083
0.0989529
0.102568
0.0998548
0.100051
0.100391
0.0965667
0.101658
0.102218
0.102204
0.105563
0.105666
0.107794
0.108195
0.0993512
0.105628
0.103331
0.102795
0.104077
0.100461
0.102221
0.104165
0.105502
0.108858
0.104229
0.10509
0.102401
0.10117
0.110731
0.122012
0.173543
0.167197
0.121569
0.104674
0.103351
0.104402
0.103135
0.109515
0.105086
0.09792
0.104071
0.107648
0.109545
0.10021
0.097761
0.0991757
0.103665
0.106742
0.103202
0.0997803
0.104498
0.102677
0.0985774
0.102273
0.104558
0.106853
0.108857
0.105619
0.109708
0.106443
0.100284
0.101222
0.101529
0.104957
0.0995953
0.102601
0.105283
0.122503
0.165429
0.170462
0.116943
0.098924
0.104254
0.101332
0.104926
0.108703
0.109835
0.102318
0.105733
0.105901
0.112818
0.101983
0.0994406
0.101287
0.105316
0.105859
0.102361
0.106968
0.106615
0.105209
0.0983514
0.102597
0.10464
0.111531
0.110128
0.105784
0.10721
0.104999
0.102507
0.105001
0.104473
0.100662
0.101764
0.104467
0.10448
0.117401
0.162259
0.175833
0.121325
0.105142
0.105374
0.106982
0.0984429
0.103079
0.104403
0.1058
0.103083
0.106185
0.104649
0.10107
0.0965682
0.106278
0.101379
0.102281
0.105793
0.103278
0.105869
0.104313
0.105338
0.108307
0.110996
0.109873
0.104248
0.108579
0.106344
0.10613
0.106773
0.10376
0.10628
0.100882
0.106313
0.112018
0.109275
0.118284
0.174261
0.169044
0.11916
0.108581
0.112107
0.105831
0.100276
0.102306
0.103097
0.104319
0.10246
0.108972
0.100748
0.105544
0.106937
0.110142
0.110389
0.105245
0.1037
0.100801
0.104272
0.100746
0.10242
0.108532
0.10549
0.109511
0.106636
0.106809
0.106716
0.104571
0.10552
0.107826
0.105857
0.100419
0.105409
0.105062
0.106805
0.118629
0.178147
0.18283
0.114428
0.106456
0.104244
0.103151
0.105373
0.104127
0.105846
0.100968
0.104091
0.107549
0.108826
0.106822
0.105654
0.105313
0.112151
0.103673
0.0989696
0.105529
0.101572
0.0946869
0.101855
0.107347
0.103799
0.104012
0.107382
0.105089
0.109929
0.107728
0.110192
0.102327
0.10398
0.0980676
0.101859
0.10861
0.110109
0.120341
0.178183
0.184469
0.120186
0.104359
0.109336
0.109419
0.100072
0.105695
0.104292
0.100626
0.110353
0.105945
0.101795
0.109342
0.107787
0.104983
0.111968
0.103
0.102882
0.10035
0.097237
0.101113
0.102177
0.107977
0.103224
0.101396
0.100896
0.107803
0.103301
0.107585
0.108608
0.100644
0.0989828
0.102395
0.111296
0.107524
0.105754
0.114505
0.165965
0.175744
0.117796
0.103449
0.106223
0.106647
0.101866
0.0961812
0.103268
0.101791
0.102864
0.0962265
0.100961
0.110198
0.104353
0.100194
0.108159
0.1045
0.104565
0.103789
0.100573
0.102864
0.100111
0.104996
0.106332
0.102445
0.0994688
0.10572
0.10054
0.102217
0.104158
0.100038
0.10091
0.10445
0.111405
0.108699
0.106517
0.11264
0.166706
0.181643
0.119183
0.1092
0.10785
0.102843
0.101364
0.0950126
0.099177
0.103964
0.108223
0.100166
0.102295
0.104301
0.100153
0.105428
0.103802
0.0970218
0.10383
0.104493
0.100385
0.104449
0.102056
0.108022
0.10804
0.10631
0.101366
0.101028
0.106536
0.100164
0.101268
0.0995733
0.102225
0.103804
0.101833
0.100668
0.10427
0.113769
0.164152
0.172584
0.121225
0.108809
0.106799
0.0986551
0.10408
0.100279
0.0983201
0.101388
0.0987583
0.101207
0.0988004
0.0959414
0.106698
0.104099
0.100857
0.10291
0.105819
0.102029
0.1054
0.10643
0.0976824
0.106207
0.106705
0.106017
0.105574
0.103615
0.0996552
0.101294
0.102309
0.0997015
0.095637
0.0983482
0.105005
0.104253
0.105999
0.109982
0.168614
0.182373
0.121568
0.116222
0.107048
0.0949691
0.102784
0.105553
0.104655
0.106329
0.10582
0.1034
0.0993377
0.0991243
0.0982517
0.105865
0.108209
0.104496
0.107671
0.103556
0.102232
0.0993398
0.0941126
0.103967
0.106399
0.106011
0.106251
0.103149
0.103066
0.1003
0.101311
0.102801
0.0957987
0.104198
0.106448
0.109347
0.107689
0.115776
0.175472
0.179308
0.119837
0.105457
0.103789
0.107068
0.108241
0.102988
0.105694
0.0998311
0.100396
0.105037
0.103777
0.0987144
0.0961813
0.106734
0.107931
0.0994307
0.102947
0.10393
0.099516
0.0973536
0.0993803
0.104234
0.104391
0.103347
0.100044
0.102027
0.101145
0.102733
0.104702
0.106947
0.102004
0.103398
0.10293
0.100815
0.108889
0.113184
0.179605
0.167342
0.111042
0.104774
0.107121
0.113301
0.100804
0.105232
0.107908
0.117198
0.111257
0.102242
0.105196
0.102949
0.101309
0.102264
0.102483
0.0954992
0.103616
0.108781
0.103546
0.101414
0.104342
0.099888
0.10283
0.107086
0.0971224
0.101559
0.108926
0.107126
0.104047
0.112652
0.103602
0.101279
0.101828
0.10226
0.107744
0.119185
0.18046
0.176681
0.117247
0.104086
0.103859
0.107236
0.0996535
0.100393
0.1041
0.108738
0.105157
0.105595
0.106902
0.106666
0.104915
0.106112
0.102217
0.0999549
0.0994154
0.0974835
0.103654
0.100524
0.105631
0.108483
0.111148
0.104605
0.0994365
0.0966354
0.102742
0.100427
0.109722
0.10712
0.105314
0.10358
0.104975
0.108793
0.105928
0.119369
0.172601
0.183548
0.120277
0.10645
0.106118
0.102266
0.102747
0.103653
0.103262
0.104886
0.102883
0.104345
0.105296
0.107912
0.102949
0.106155
0.106675
0.104737
0.0989139
0.102821
0.104294
0.100943
0.106734
0.105601
0.103443
0.107273
0.103593
0.100152
0.101413
0.103134
0.104959
0.105595
0.107148
0.108544
0.10238
0.103345
0.101062
0.12632
0.171621
0.172313
0.11232
0.106342
0.106427
0.101205
0.0994768
0.102117
0.107659
0.0974918
0.097738
0.102511
0.0987358
0.10231
0.104946
0.0992176
0.106715
0.108949
0.103652
0.104595
0.108263
0.10571
0.100864
0.108419
0.107252
0.106455
0.10419
0.0973029
0.100269
0.102448
0.101902
0.104249
0.105231
0.0985626
0.101311
0.106896
0.103035
0.11956
0.177336
0.164617
0.117022
0.0997172
0.104556
0.107431
0.10819
0.104061
0.103417
0.104591
0.106214
0.108376
0.104286
0.107653
0.106054
0.107784
0.111396
0.108543
0.106697
0.104856
0.106097
0.104016
0.108379
0.105682
0.111493
0.106143
0.1063
0.103083
0.105479
0.104622
0.101198
0.100108
0.105188
0.1023
0.104274
0.102594
0.104171
0.118582
0.180349
0.176872
0.11394
0.106103
0.0981036
0.0990674
0.103056
0.106909
0.107302
0.10713
0.109967
0.105915
0.106982
0.106195
0.10595
0.107936
0.110167
0.110827
0.109907
0.112527
0.105416
0.108219
0.107206
0.102453
0.106011
0.106344
0.106411
0.107876
0.108328
0.111874
0.0994079
0.104515
0.102135
0.104056
0.106421
0.102792
0.0975539
0.108837
0.168288
0.169479
0.11296
0.101612
0.104335
0.100729
0.0993004
0.105918
0.104819
0.110129
0.109421
0.102455
0.105354
0.103712
0.107319
0.10577
0.108041
0.108494
0.101519
0.102643
0.106478
0.0982778
0.102311
0.105727
0.0997148
0.104792
0.107421
0.106333
0.108637
0.103165
0.10514
0.107125
0.101136
0.106661
0.108884
0.10089
0.107231
0.111093
0.168125
0.16197
0.116314
0.103489
0.105123
0.102792
0.105482
0.107286
0.100795
0.10331
0.10978
0.110477
0.110951
0.103651
0.0981619
0.105574
0.108595
0.108211
0.106697
0.104531
0.108325
0.103112
0.111392
0.105728
0.106505
0.108089
0.108053
0.104351
0.101547
0.104751
0.104844
0.101751
0.0985331
0.10359
0.101696
0.103551
0.107025
0.115105
0.170614
0.171656
0.126255
0.10597
0.106434
0.0984706
0.102233
0.105894
0.108191
0.107794
0.102188
0.106886
0.108485
0.0999969
0.098798
0.103182
0.10839
0.105602
0.100171
0.100318
0.101423
0.102648
0.106398
0.100975
0.101772
0.108084
0.101898
0.101279
0.0965057
0.102742
0.104128
0.101561
0.101834
0.0942733
0.101926
0.101687
0.098266
0.110758
0.173773
0.179233
0.124454
0.110208
0.106459
0.106148
0.0982672
0.107949
0.107851
0.110134
0.102635
0.104727
0.101476
0.100379
0.107034
0.102429
0.102546
0.105958
0.107489
0.106398
0.105058
0.103836
0.101583
0.104761
0.105252
0.109144
0.106166
0.105028
0.106361
0.105056
0.106451
0.106715
0.102373
0.104477
0.104002
0.098989
0.105598
0.119289
0.188861
0.213038
0.13808
0.12213
0.117248
0.115177
0.114375
0.118372
0.117291
0.117511
0.116384
0.123754
0.126386
0.117017
0.122445
0.117526
0.118662
0.121978
0.127629
0.128048
0.129873
0.116559
0.115092
0.115914
0.118911
0.115443
0.112737
0.122235
0.118661
0.123546
0.12362
0.123755
0.120363
0.113956
0.118089
0.11661
0.119505
0.138555
0.215993
0.304514
0.202194
0.169969
0.176194
0.18072
0.169003
0.173974
0.181311
0.182592
0.168861
0.179568
0.188652
0.166981
0.176433
0.17494
0.180791
0.185767
0.18041
0.185345
0.178951
0.179413
0.172004
0.164588
0.173436
0.169882
0.167975
0.184014
0.173996
0.184836
0.179048
0.181581
0.180814
0.169551
0.178977
0.173581
0.180182
0.204125
0.325568
