1.25483
1.22189
1.17907
1.15704
1.14492
1.10413
1.08115
1.09141
1.08338
1.08507
1.10082
1.11387
1.14119
1.11447
1.11176
1.09023
1.05358
1.02382
1.00561
0.999355
1.00563
1.00466
1.01162
1.00797
1.01664
1.0384
1.03532
1.03762
1.03549
1.0221
1.03499
1.05023
1.05912
1.04777
1.04025
1.04314
1.04324
1.04856
1.04868
1.06665
1.0992
1.09385
1.10055
1.10947
1.10811
1.09262
1.08957
1.07593
1.10128
1.13093
1.14634
1.16664
1.19296
1.19577
1.19704
1.18871
1.16504
1.15045
1.14623
1.14235
1.1487
1.15387
1.17473
1.19956
1.21129
1.17746
1.15817
1.13985
1.12079
1.08659
1.07106
1.07538
1.0709
1.08009
1.08856
1.10712
1.11912
1.10702
1.09028
1.07419
1.03877
1.02142
1.01937
1.00999
1.0065
0.99104
0.997808
0.991672
1.00083
1.02138
1.02097
1.02056
1.02231
1.01827
1.0356
1.04996
1.03759
1.03298
1.02372
1.02608
1.02308
1.04465
1.04537
1.07157
1.0864
1.09318
1.09578
1.0949
1.09437
1.07974
1.07507
1.05509
1.08589
1.11315
1.13283
1.14856
1.16657
1.17729
1.17404
1.1592
1.1542
1.13258
1.13779
1.14165
1.15957
1.15431
1.15377
1.17513
1.18473
1.15541
1.12579
1.10831
1.09891
1.07608
1.05846
1.06006
1.06433
1.06502
1.07487
1.08092
1.08863
1.08807
1.07613
1.07378
1.04976
1.03211
1.03794
1.02553
1.01622
0.998737
1.00032
1.00646
1.00821
1.01031
1.01191
1.02652
1.02377
1.02417
1.0315
1.03513
1.02811
1.02939
1.02935
1.03011
1.03679
1.04759
1.05053
1.06467
1.07471
1.07621
1.07313
1.07951
1.06638
1.06828
1.05981
1.06101
1.07189
1.09108
1.11812
1.13366
1.13873
1.15034
1.15217
1.1438
1.13976
1.14843
1.13685
1.11729
1.13638
1.14514
1.16436
1.16884
1.1529
1.14269
1.11927
1.10156
1.08473
1.07329
1.06243
1.0581
1.05615
1.0575
1.0659
1.06561
1.08088
1.06377
1.06225
1.0647
1.05518
1.03664
1.02538
1.01832
1.02893
1.0116
1.01647
1.02841
1.01159
1.01842
1.0173
1.03256
1.01927
1.01729
1.02994
1.03658
1.02463
1.01786
1.02144
1.02517
1.02941
1.05096
1.05943
1.06436
1.05551
1.05418
1.04987
1.05189
1.03831
1.03708
1.04046
1.04801
1.04663
1.04856
1.08352
1.10647
1.10632
1.1184
1.12479
1.13807
1.12591
1.14017
1.1422
1.13148
1.13048
1.13741
1.13973
1.1355
1.13676
1.13598
1.11689
1.10276
1.08141
1.06187
1.05142
1.05091
1.05786
1.06275
1.06659
1.06197
1.07233
1.07327
1.06488
1.06184
1.05725
1.04353
1.03707
1.03743
1.02909
1.02085
1.02978
1.03302
1.02221
1.03362
1.03091
1.03485
1.01729
1.01385
1.03143
1.03454
1.0356
1.03071
1.02369
1.01739
1.02345
1.03642
1.03928
1.03067
1.02645
1.03559
1.02995
1.02629
1.02244
1.00728
1.01777
1.01649
1.0301
1.02789
1.0482
1.06925
1.07537
1.10372
1.11431
1.10892
1.09818
1.10449
1.11306
1.1234
1.12017
1.11631
1.11121
1.11281
1.13545
1.11588
1.08872
1.07657
1.05988
1.06927
1.06013
1.04586
1.04601
1.06103
1.08058
1.09276
1.09139
1.0803
1.066
1.06025
1.05555
1.04691
1.03692
1.03843
1.03217
1.04293
1.04553
1.05129
1.04502
1.05078
1.03374
1.0217
1.02773
1.02506
1.03273
1.0357
1.02475
1.0269
1.024
1.01542
1.0213
1.02415
1.04189
1.02356
1.01514
1.02447
1.02826
1.01692
1.01203
0.998601
1.00151
1.01054
1.02551
1.02628
1.03218
1.05563
1.06444
1.07859
1.09316
1.08706
1.08017
1.10017
1.1116
1.11684
1.12102
1.11418
1.1023
1.1098
1.10828
1.09299
1.08337
1.07406
1.06281
1.07524
1.07642
1.06653
1.05333
1.05322
1.06976
1.08649
1.08908
1.0734
1.06541
1.04671
1.04836
1.04327
1.04073
1.0324
1.03447
1.04394
1.04781
1.05179
1.04204
1.05593
1.03421
1.01335
1.01127
1.00873
1.02598
1.02582
1.01997
1.00822
1.008
1.01444
1.02235
1.03523
1.02668
1.02138
1.01839
1.01485
1.02697
1.02284
1.02133
1.0028
1.01291
1.01877
1.02192
1.01957
1.03384
1.05312
1.06096
1.06516
1.07676
1.08673
1.08515
1.08652
1.10448
1.11683
1.1229
1.09534
1.10037
1.1071
1.08453
1.06985
1.07414
1.06062
1.05659
1.05603
1.05769
1.04625
1.05194
1.06003
1.0735
1.07904
1.09051
1.07784
1.07228
1.05674
1.0489
1.05705
1.04255
1.03509
1.03362
1.03125
1.02975
1.04822
1.04836
1.04394
1.03061
1.02186
1.01223
1.0153
1.02459
1.01615
1.001
0.999565
0.996816
1.0083
1.018
1.04307
1.04545
1.04016
1.02983
1.03531
1.03307
1.02492
1.02613
1.0196
1.02209
1.01025
1.02426
1.03135
1.04421
1.04413
1.04051
1.06838
1.08
1.07843
1.0741
1.08481
1.09089
1.08754
1.08745
1.08659
1.0855
1.07992
1.07585
1.05775
1.0595
1.05859
1.04937
1.0438
1.04553
1.0546
1.0604
1.05861
1.05471
1.06766
1.07694
1.07809
1.07905
1.07109
1.06093
1.06902
1.05042
1.03999
1.03117
1.01622
1.02632
1.04497
1.05475
1.05092
1.04712
1.03337
1.02727
1.00366
1.02128
1.00962
0.994923
0.999488
0.996828
1.00746
1.01571
1.02694
1.03029
1.0263
1.03179
1.02288
1.0117
1.01231
1.01647
1.01987
1.00486
1.00035
1.01096
1.01695
1.04903
1.03684
1.04402
1.07814
1.06575
1.06842
1.07933
1.07996
1.07737
1.08575
1.06629
1.0775
1.07864
1.084
1.06288
1.05689
1.04694
1.03775
1.03187
1.03415
1.03414
1.04854
1.05952
1.04712
1.04717
1.0724
1.08171
1.0851
1.09377
1.09869
1.06769
1.06477
1.06744
1.04366
1.02952
1.02555
1.03342
1.05731
1.06408
1.05758
1.04361
1.03199
1.02449
1.0154
1.01164
1.01051
1.00141
0.998997
0.995277
0.996519
0.998794
1.00881
1.01302
1.00709
1.01148
0.998611
0.998819
0.999524
1.0098
1.01086
1.01416
1.00349
1.00213
1.01358
1.02857
1.03069
1.03955
1.06452
1.06693
1.0488
1.05277
1.05418
1.06473
1.06634
1.05084
1.06949
1.08012
1.10109
1.05695
1.05441
1.05055
1.03145
1.01383
1.02042
1.01501
1.02748
1.03907
1.02505
1.0502
1.06331
1.08443
1.08579
1.08003
1.08097
1.06367
1.06395
1.06444
1.04904
1.04226
1.04313
1.0428
1.05148
1.04729
1.04419
1.03538
1.03096
1.0331
1.02315
1.02136
1.01507
1.00327
0.99777
1.00858
0.996114
0.99161
0.999664
0.997485
0.98868
1.00269
0.997305
0.992695
0.989906
1.00897
1.01112
1.01986
1.00549
1.01414
1.00386
1.01343
1.02499
1.03619
1.03941
1.05159
1.04096
1.04791
1.05245
1.06208
1.06557
1.05095
1.06153
1.06617
1.07782
1.03471
1.03535
1.03708
1.02891
1.00624
1.00177
0.998276
1.01965
1.01354
1.0301
1.03617
1.04855
1.07028
1.08115
1.06887
1.06514
1.05859
1.05915
1.06272
1.05806
1.04899
1.04707
1.04374
1.04135
1.04212
1.02498
1.02683
1.02312
1.03508
1.03387
1.0148
1.01428
1.02466
1.02849
1.02813
1.01674
1.01127
1.0009
0.995762
0.994129
0.985681
0.988625
0.996883
1.00824
1.01804
1.01911
1.01772
1.02044
1.01798
1.00503
1.01575
1.0122
1.03888
1.04054
1.03149
1.02292
1.03713
1.05656
1.06224
1.07205
1.06798
1.07086
1.08238
1.09103
1.03045
1.02347
1.02556
1.01814
0.999002
0.998902
0.998176
1.01162
1.01929
1.02593
1.03752
1.05106
1.05045
1.06402
1.06301
1.06586
1.06886
1.06657
1.06194
1.05886
1.05843
1.04837
1.03457
1.03356
1.02681
1.0276
1.0253
1.03637
1.04587
1.04286
1.02193
1.01858
1.03341
1.0273
1.03101
1.01812
1.02369
1.00115
0.995597
0.989249
0.979271
0.996266
1.01195
1.02318
1.01672
1.00973
1.01494
1.02418
1.02209
1.02058
1.00863
1.00259
1.01771
1.03598
1.04918
1.03111
1.03204
1.04722
1.05651
1.06873
1.06592
1.07105
1.08393
1.09477
1.06111
1.04388
1.0444
1.02928
1.00977
1.00252
1.00819
1.02561
1.02605
1.03583
1.03605
1.04688
1.04776
1.05286
1.06967
1.07655
1.07091
1.07208
1.06508
1.06216
1.04219
1.02525
1.01461
1.02117
1.01949
1.02918
1.04816
1.0513
1.06122
1.0686
1.04801
1.0214
1.02904
1.03464
1.03533
1.03675
1.04546
1.02717
1.01568
0.994348
0.987684
0.998854
1.00854
1.00836
0.992082
1.00637
1.00413
1.01796
1.00979
1.01678
1.01093
1.00884
1.02194
1.04742
1.05307
1.04679
1.02465
1.02487
1.05854
1.06484
1.05689
1.05607
1.05231
1.07888
1.07189
1.06339
1.05316
1.02725
1.01747
1.009
1.01145
1.02585
1.03042
1.04711
1.04453
1.0536
1.06157
1.05809
1.08315
1.08983
1.08037
1.06623
1.04969
1.04462
1.03413
1.01814
1.00694
1.01727
1.02678
1.03204
1.0516
1.05368
1.061
1.06574
1.04833
1.0137
1.01532
1.02901
1.02705
1.03706
1.03996
1.03065
1.02659
1.02004
1.01141
1.00408
1.00926
1.01007
0.995995
0.996697
0.997049
1.00307
1.01369
1.02179
1.01475
1.01923
1.04591
1.06132
1.06236
1.05315
1.03371
1.0238
1.04416
1.0349
1.0394
1.04552
1.04394
1.06074
1.07312
1.06459
1.05136
1.0325
1.03824
1.02889
1.01859
1.02019
1.0225
1.0331
1.03883
1.04437
1.05213
1.06629
1.08185
1.09064
1.07639
1.04662
1.03201
1.01978
1.02342
1.01308
1.00038
1.0202
1.01367
1.02863
1.05167
1.04681
1.04113
1.05049
1.04238
1.03071
1.02475
1.02664
1.03076
1.04364
1.04287
1.03177
1.02704
1.02556
1.02474
1.01232
1.00944
1.00483
0.995687
0.992023
0.993764
0.994847
1.01031
1.0247
1.00679
1.02659
1.04492
1.04486
1.04091
1.04314
1.03798
1.02455
1.02701
1.03286
1.02321
1.03604
1.0459
1.05482
1.09531
1.08815
1.05311
1.03922
1.0318
1.0222
1.01183
1.00044
1.00047
1.01251
1.02227
1.0272
1.04529
1.05983
1.07016
1.07257
1.06356
1.035
1.03024
1.01885
1.02216
1.01731
1.01442
1.03148
1.02884
1.03212
1.04106
1.03873
1.03233
1.03611
1.02227
1.02026
1.00459
1.00979
1.02812
1.04471
1.04447
1.02839
1.03144
1.03812
1.03443
1.01422
1.00804
1.00112
0.995383
0.995728
0.977048
0.998054
0.999715
1.01253
1.01584
1.02162
1.02789
1.0286
1.02971
1.02399
1.0211
1.01764
1.01417
1.01592
1.00908
1.03001
1.03352
1.03138
1.11216
1.09496
1.0752
1.05371
1.05083
1.044
1.01795
1.00402
1.00261
0.997649
1.00778
1.02579
1.02816
1.04104
1.05063
1.05081
1.065
1.03747
1.01585
1.0229
1.02763
1.02026
1.01884
1.02693
1.01672
1.02741
1.03656
1.02531
1.03286
1.0367
1.01715
1.01213
1.0127
1.03088
1.04044
1.04672
1.04618
1.04017
1.04671
1.03986
1.03669
1.02363
1.00003
0.986847
0.99413
0.993066
0.98225
0.994261
1.00475
1.02577
1.02608
1.02483
1.02123
1.01762
1.01997
1.01706
1.0127
1.01553
1.01134
0.999992
0.997709
1.00582
1.01669
1.03049
1.10235
1.09277
1.0806
1.07539
1.05442
1.03507
1.02222
1.01105
0.995046
0.998593
0.998111
1.01026
1.01399
1.02217
1.03656
1.04399
1.05131
1.0422
1.0314
1.02793
1.03963
1.03789
1.03128
1.02896
1.02949
1.02523
1.0202
1.01291
1.02059
1.01748
1.01546
1.02767
1.03818
1.0383
1.04236
1.043
1.04029
1.04871
1.04756
1.03553
1.01213
1.00829
0.996913
0.981398
0.988914
0.998456
0.997735
1.00914
1.02934
1.03698
1.02978
1.02437
1.02159
1.0202
1.01824
1.01274
1.00716
0.994003
1.00819
0.987656
0.979982
0.988157
0.996859
1.01333
1.10969
1.08986
1.09059
1.08308
1.04694
1.04607
1.042
1.02311
1.00381
1.01938
1.01364
1.01372
1.00656
1.01791
1.02348
1.03623
1.03074
1.04218
1.04743
1.04218
1.05562
1.05803
1.05539
1.04184
1.03795
1.04214
1.01165
1.01319
1.01135
1.01252
1.02037
1.0257
1.03752
1.0315
1.03019
1.03321
1.04359
1.04347
1.03533
1.02825
1.01544
1.00197
1.00898
0.99441
0.98568
0.988801
0.996742
1.01119
1.03079
1.02877
1.02792
1.02697
1.01869
1.02598
1.02648
1.01315
1.01481
1.0054
0.993234
0.988151
0.976539
0.983999
1.00203
1.0146
1.10647
1.09241
1.09101
1.0829
1.06341
1.0565
1.04408
1.02174
1.00743
1.01499
1.02891
1.03125
1.01078
1.01198
1.02324
1.01661
1.01436
1.028
1.06154
1.05962
1.07886
1.0807
1.07314
1.05089
1.05334
1.04009
1.02857
1.01241
1.00307
0.996313
1.00241
1.02844
1.04546
1.03943
1.03237
1.02577
1.03718
1.04729
1.02958
1.01436
0.997884
1.00367
1.01074
1.00625
0.995848
1.00266
0.99715
1.0162
1.0221
1.01868
1.02073
1.02142
1.02848
1.03595
1.04733
1.03012
1.02961
1.01972
1.00706
1.01046
0.991769
0.99952
1.02124
1.02537
1.11064
1.10048
1.08816
1.07612
1.05223
1.05253
1.0455
1.02495
1.01762
1.02646
1.04276
1.04418
1.04058
1.0253
1.02013
1.02187
1.03871
1.05006
1.06349
1.07306
1.08488
1.08578
1.07978
1.07158
1.05857
1.05169
1.04549
1.02208
1.00857
1.01573
1.01485
1.02323
1.04152
1.04927
1.06063
1.04259
1.04916
1.04518
1.02421
1.00369
0.990512
0.990894
0.997942
0.994562
0.994598
0.99058
0.99643
1.01643
1.01582
1.01839
1.02056
1.01162
1.02244
1.03442
1.04095
1.02467
1.01697
1.01105
1.00468
1.0083
1.00055
1.01212
1.04256
1.04853
1.10711
1.09956
1.08825
1.06518
1.05375
1.0382
1.04564
1.0492
1.04742
1.05788
1.07537
1.07621
1.07366
1.06487
1.04661
1.04207
1.05269
1.05189
1.05745
1.06234
1.06971
1.07176
1.07147
1.05921
1.05896
1.05813
1.05121
1.02658
1.01563
1.02123
1.02032
1.03318
1.04328
1.05853
1.06605
1.05746
1.04902
1.04125
1.01542
1.00458
1.00579
1.00117
0.999586
0.984592
0.988051
0.981267
0.986532
1.00636
1.00798
1.00963
1.01239
1.01091
1.02649
1.03952
1.02583
1.01798
1.00459
1.00252
0.996413
1.01544
1.01495
1.03917
1.05919
1.07163
1.11303
1.09672
1.08496
1.06384
1.05092
1.02663
1.04344
1.05508
1.06481
1.07296
1.08477
1.09162
1.08681
1.07372
1.06895
1.05296
1.06339
1.07085
1.0859
1.0778
1.0654
1.06224
1.06366
1.06003
1.0508
1.04888
1.0477
1.03124
1.01742
1.02147
1.0284
1.03147
1.04149
1.0474
1.05385
1.05537
1.04791
1.05106
1.03384
1.02096
1.02994
1.01991
1.01218
0.994475
0.995539
1.0014
1.00073
1.0035
1.00578
1.0219
1.01931
1.01959
1.02809
1.03039
1.02033
1.01811
1.01516
1.0133
1.01764
1.0283
1.03173
1.04903
1.06478
1.07452
1.09389
1.08943
1.06906
1.06244
1.04559
1.04006
1.04417
1.05235
1.07095
1.07943
1.08038
1.08913
1.08969
1.08219
1.07887
1.08975
1.08318
1.06737
1.08296
1.0826
1.08836
1.06949
1.06072
1.06983
1.06385
1.0577
1.04761
1.0412
1.03402
1.03184
1.03134
1.03321
1.04122
1.04104
1.0583
1.04348
1.04334
1.05004
1.04459
1.02961
1.02151
1.01485
1.02658
1.0091
1.01339
1.02523
1.00787
1.01579
1.01528
1.03078
1.01692
1.01573
1.02817
1.03429
1.02159
1.01202
1.01333
1.01488
1.0183
1.03974
1.05077
1.05909
1.05984
1.07073
1.07336
1.06909
1.04786
1.03856
1.03342
1.03453
1.02787
1.02426
1.05264
1.06992
1.06611
1.07641
1.08171
1.09442
1.08419
1.09887
1.10259
1.09418
1.09101
1.09048
1.07898
1.06073
1.06341
1.0771
1.07139
1.06802
1.05326
1.03903
1.03141
1.03383
1.04096
1.04602
1.04991
1.0466
1.05813
1.0598
1.05297
1.05218
1.05029
1.03923
1.03466
1.03572
1.02847
1.02039
1.02888
1.03154
1.02144
1.03361
1.03099
1.03462
1.01643
1.01298
1.03082
1.03353
1.03404
1.02764
1.01876
1.0117
1.0172
1.03163
1.03686
1.03282
1.04012
1.06344
1.05866
1.04786
1.03822
1.01403
1.01707
1.00863
1.0176
1.01194
1.02815
1.04566
1.04891
1.07466
1.08403
1.07917
1.07068
1.07692
1.085
1.09407
1.08761
1.07694
1.05916
1.05294
1.06651
1.06493
1.0502
1.04841
1.03907
1.05162
1.04537
1.03329
1.03426
1.04985
1.06916
1.08212
1.08145
1.0716
1.0578
1.05373
1.05097
1.04411
1.03544
1.03753
1.03181
1.04283
1.04544
1.05114
1.04524
1.05082
1.03416
1.02206
1.02737
1.02472
1.03194
1.03487
1.02407
1.02541
1.02132
1.01266
1.01868
1.02369
1.04472
1.03222
1.03431
1.05649
1.0676
1.04207
1.02943
1.00785
1.00347
1.0067
1.01842
1.01589
1.01883
1.04025
1.04657
1.0592
1.07196
1.06601
1.06047
1.0803
1.09028
1.0927
1.09312
1.07854
1.05851
1.05427
1.05316
1.05116
1.05242
1.05178
1.04632
1.06128
1.06533
1.05709
1.04502
1.0458
1.06201
1.0792
1.08269
1.06801
1.06049
1.04268
1.04527
1.04142
1.03973
1.03206
1.03402
1.04389
1.04801
1.05177
1.04228
1.0563
1.03451
1.01344
1.01083
1.00837
1.02538
1.02491
1.01908
1.00726
1.00667
1.01336
1.02223
1.03807
1.03482
1.03667
1.04343
1.0492
1.06996
1.05125
1.04014
1.01335
1.01763
1.01878
1.01919
1.01372
1.02497
1.04251
1.04869
1.05117
1.06208
1.07182
1.07027
1.07145
1.08781
1.09701
1.09698
1.06275
1.05667
1.05247
1.04394
1.03673
1.048
1.04243
1.04232
1.04404
1.04829
1.03901
1.04554
1.05431
1.06789
1.07392
1.08598
1.07395
1.06903
1.05394
1.04671
1.05563
1.04167
1.03457
1.03307
1.03089
1.02956
1.04817
1.04848
1.04416
1.03103
1.02193
1.01235
1.0149
1.02396
1.01515
0.999997
0.998732
0.995889
1.00783
1.01925
1.04872
1.05584
1.05904
1.06071
1.0784
1.07228
1.05127
1.04299
1.03108
1.02833
1.01255
1.02337
1.02788
1.03846
1.03727
1.03263
1.059
1.06971
1.06823
1.06355
1.07283
1.07751
1.07176
1.06645
1.05665
1.04172
1.0259
1.03037
1.02852
1.03705
1.04168
1.03605
1.03321
1.03763
1.04867
1.05541
1.05435
1.05111
1.06428
1.07409
1.0754
1.07672
1.06919
1.05937
1.06768
1.04924
1.03914
1.0307
1.01567
1.02593
1.04481
1.05469
1.05083
1.04723
1.03338
1.02704
1.00294
1.0205
1.00859
0.994121
0.998788
0.995951
1.00683
1.01648
1.03148
1.04028
1.04483
1.06426
1.06749
1.03947
1.0357
1.03345
1.03166
1.01115
1.00369
1.0115
1.01544
1.04612
1.03273
1.03893
1.07218
1.05908
1.06108
1.07175
1.0715
1.06668
1.07134
1.04665
1.04878
1.03605
1.02811
1.02534
1.0296
1.02694
1.02216
1.02163
1.02615
1.0282
1.04399
1.05562
1.04389
1.04419
1.06951
1.07918
1.08274
1.09174
1.09714
1.06658
1.06365
1.06645
1.04272
1.02881
1.02487
1.03273
1.05664
1.06375
1.05723
1.04329
1.03169
1.02403
1.0146
1.01069
1.00966
1.00077
0.998477
0.994613
0.996374
1.00032
1.01308
1.02225
1.02463
1.04046
1.03332
1.03207
1.02522
1.02881
1.02262
1.02169
1.00756
1.00397
1.01371
1.02733
1.02854
1.03672
1.06098
1.06278
1.04394
1.04721
1.04767
1.05629
1.05425
1.03209
1.04212
1.03853
1.04042
1.03021
1.03131
1.03186
1.01968
1.00607
1.01446
1.01069
1.02371
1.03609
1.0224
1.04737
1.0608
1.0821
1.08371
1.07831
1.07956
1.06253
1.06288
1.06366
1.04833
1.04143
1.04226
1.04201
1.05057
1.04672
1.04368
1.0348
1.03045
1.03241
1.02218
1.02038
1.01405
1.00233
0.997007
1.00792
0.996316
0.992759
1.00327
1.00558
1.00384
1.02552
1.02822
1.034
1.02137
1.02979
1.02491
1.0288
1.01029
1.01672
1.00511
1.01382
1.02443
1.03476
1.03744
1.04894
1.03804
1.04424
1.04773
1.05522
1.05514
1.03522
1.03661
1.02599
1.02168
1.01439
1.01734
1.02287
1.01806
0.999376
0.99678
0.994442
1.01644
1.01085
1.02745
1.03343
1.04578
1.06755
1.07876
1.0669
1.06351
1.05721
1.05805
1.06189
1.05715
1.04813
1.04606
1.04276
1.04042
1.04129
1.02427
1.02597
1.02211
1.03399
1.03279
1.01366
1.01321
1.02345
1.02727
1.02703
1.01668
1.01182
1.0039
1.00312
1.00629
1.00482
1.01408
1.04709
1.0421
1.04083
1.03448
1.02792
1.02677
1.02139
1.00692
1.01655
1.01234
1.03884
1.04013
1.03054
1.02115
1.0346
1.05284
1.05652
1.06292
1.0531
1.04787
1.04398
1.03414
1.01418
1.00847
1.01335
1.00782
0.990983
0.993695
0.994054
1.00784
1.01605
1.0227
1.0343
1.04768
1.04727
1.06111
1.06044
1.06366
1.06706
1.06517
1.06091
1.05749
1.05693
1.04695
1.03326
1.03243
1.02567
1.02654
1.02392
1.03472
1.04401
1.04106
1.02051
1.01718
1.03183
1.02608
1.02948
1.0177
1.02383
1.0044
1.00284
0.999885
0.996298
1.01819
1.07459
1.06411
1.04114
1.02513
1.02629
1.03177
1.02628
1.02345
1.01054
1.00384
1.01881
1.03673
1.04927
1.03044
1.03092
1.04465
1.05198
1.06115
1.0535
1.05063
1.05205
1.04323
1.03281
1.02478
1.02947
1.01744
0.999828
0.99608
1.00327
1.02127
1.02186
1.03184
1.03191
1.04276
1.04363
1.04872
1.06594
1.07339
1.06813
1.06998
1.06353
1.06028
1.04054
1.02366
1.0129
1.01954
1.01782
1.02743
1.04599
1.04876
1.05853
1.06581
1.04568
1.01913
1.0268
1.03254
1.03351
1.03601
1.04554
1.02987
1.0215
1.00436
1.00507
1.02439
1.06608
1.04607
1.01461
1.02322
1.01595
1.02665
1.01518
1.02036
1.01349
1.01103
1.02407
1.04934
1.05464
1.04782
1.02536
1.02459
1.05633
1.06012
1.0485
1.04099
1.02724
1.03995
1.03724
1.03591
1.03258
1.0123
1.00639
1.00119
1.00542
1.02077
1.02525
1.04216
1.03908
1.04833
1.05575
1.05279
1.07828
1.08591
1.07683
1.06371
1.04803
1.04267
1.03227
1.01673
1.00502
1.0149
1.02416
1.02914
1.04828
1.05027
1.05815
1.06249
1.04524
1.01087
1.01207
1.02623
1.02503
1.03511
1.03918
1.03249
1.03296
1.03272
1.03483
1.03769
1.05878
1.04501
1.01955
1.01406
1.01094
1.01293
1.02097
1.02679
1.01848
1.02238
1.04949
1.06496
1.06616
1.05596
1.03638
1.02536
1.04424
1.0328
1.03452
1.03485
1.02635
1.03059
1.02953
1.03039
1.02743
1.01554
1.02503
1.01886
1.0114
1.01416
1.01599
1.02637
1.03137
1.03683
1.04478
1.05929
1.07522
1.08511
1.07222
1.04357
1.02964
1.01738
1.02109
1.01095
0.997949
1.01646
1.0098
1.02391
1.0469
1.04218
1.03705
1.04687
1.03921
1.02734
1.02092
1.02281
1.02738
1.04038
1.04129
1.03389
1.03441
1.04451
1.05616
1.05456
1.04825
1.03639
1.01912
1.00958
1.00887
1.00596
1.02003
1.03187
1.01213
1.03061
1.04926
1.04985
1.04644
1.04861
1.04373
1.02933
1.03027
1.03331
1.02059
1.0309
1.03501
1.03394
1.03683
1.04397
1.02435
1.01795
1.01667
1.01127
1.00302
0.992497
0.992239
1.00355
1.01237
1.01776
1.03585
1.05052
1.06126
1.06507
1.05764
1.03088
1.02674
1.01555
1.01871
1.01476
1.01224
1.02796
1.02432
1.02612
1.03421
1.03227
1.02634
1.031
1.01707
1.01527
0.999073
1.00462
1.02362
1.04149
1.04371
1.03124
1.04049
1.06068
1.07307
1.06747
1.04261
1.03011
1.01889
1.01501
0.993331
1.01147
1.01137
1.02186
1.0228
1.02697
1.0332
1.03531
1.03792
1.03268
1.02994
1.02599
1.02053
1.02052
1.01032
1.02881
1.02849
1.02145
1.04116
1.04547
1.04199
1.03084
1.03459
1.03272
1.00873
0.994581
0.992508
0.986036
0.994372
1.01268
1.01521
1.02869
1.03923
1.04116
1.05769
1.03208
1.01235
1.01978
1.02373
1.01752
1.01689
1.02239
1.01198
1.02083
1.02872
1.01787
1.02502
1.02944
1.01113
1.00594
1.00626
1.0247
1.03429
1.04101
1.04486
1.04249
1.05811
1.06455
1.0777
1.08638
1.03288
1.01888
1.02139
1.01678
1.00217
1.01119
1.02056
1.03873
1.03596
1.03331
1.0297
1.0274
1.03121
1.02959
1.02615
1.02772
1.02244
1.00845
1.00283
1.00759
1.01564
1.02606
1.03261
1.04173
1.0474
1.05284
1.03989
1.02434
1.01302
1.0006
0.982641
0.98341
0.980753
0.99274
0.996674
1.00655
1.02254
1.03337
1.04415
1.03834
1.02874
1.02539
1.03707
1.03516
1.02734
1.0218
1.02325
1.01655
1.00914
1.00351
1.01151
1.00939
1.00798
1.01887
1.02929
1.02876
1.03319
1.03382
1.0344
1.05026
1.06079
1.06096
1.05003
1.06553
1.03824
1.01861
1.0206
1.02716
1.02175
1.02954
1.04766
1.0527
1.0423
1.03553
1.03316
1.03297
1.03243
1.02897
1.02445
1.0111
1.02377
0.999616
0.98753
0.991561
0.996291
1.01412
1.03199
1.03604
1.05349
1.06106
1.03517
1.03718
1.03123
1.00865
0.986621
0.997991
0.989138
0.988116
0.982996
0.997034
1.00644
1.0239
1.02278
1.03717
1.04347
1.03903
1.0525
1.05622
1.05021
1.03307
1.02732
1.02874
0.997842
1.0016
0.999458
1.00256
1.01038
1.01445
1.02487
1.01526
1.01173
1.014
1.03093
1.04071
1.04826
1.05394
1.05342
1.05473
1.05953
1.03638
1.02096
1.02176
1.02665
1.03547
1.05323
1.04644
1.04356
1.04112
1.03339
1.04169
1.04409
1.03434
1.03873
1.03035
1.01526
1.0048
0.986041
0.985503
1.00053
1.01405
1.02803
1.03837
1.0545
1.06471
1.05715
1.0523
1.03402
1.00433
0.980232
0.981625
0.991302
0.994892
0.978269
0.985749
1.00245
1.00448
1.00404
1.02052
1.05692
1.05524
1.07461
1.07743
1.0686
1.03822
1.03653
1.02103
1.00553
0.992816
0.987723
0.984544
0.990751
1.01569
1.02095
1.00646
0.996976
0.994157
1.01528
1.03926
1.04308
1.04085
1.03756
1.05547
1.06491
1.05206
1.03509
1.04185
1.03688
1.04593
1.04888
1.04296
1.0408
1.0387
1.0438
1.05554
1.07018
1.05878
1.06504
1.05849
1.04043
1.03452
1.00361
0.996955
1.01214
1.01571
1.03376
1.04731
1.0551
1.06751
1.05739
1.05985
1.04015
1.00277
0.978151
0.979986
0.988988
0.991458
0.991288
0.986161
0.994902
1.00652
1.02483
1.03926
1.05611
1.06779
1.084
1.07972
1.08349
1.05472
1.03688
1.02477
0.997477
0.995211
0.987986
0.999184
1.00459
1.01052
1.01009
1.00183
0.990415
0.989372
1.01046
1.0297
1.03839
1.0355
1.03516
1.04709
1.05059
1.0549
1.03508
1.04151
1.05296
1.06263
1.04844
1.04795
1.05018
1.02993
1.03933
1.0624
1.06842
1.07179
1.07128
1.07294
1.05198
1.03701
1.01314
1.00128
1.01529
1.01612
1.02664
1.03664
1.04616
1.06932
1.07542
1.07143
1.04945
1.02112
0.990395
0.991049
0.994719
0.997906
1.0054
1.01233
1.01755
1.03086
1.03067
1.03961
1.04841
1.06116
1.07423
1.06841
1.06071
1.04426
1.0349
1.02026
1.00179
0.987531
0.984072
0.989085
0.987347
1.00129
0.995757
0.994709
0.989193
0.997606
1.00887
1.02565
1.03262
1.0357
1.03265
1.03435
1.07653
1.07058
1.05724
1.06445
1.08264
1.07115
1.06011
1.06708
1.05665
1.03569
1.02935
1.05368
1.04972
1.06155
1.05621
1.06308
1.05081
1.03753
1.01437
1.01244
1.02285
1.01935
1.03416
1.03042
1.04014
1.05307
1.061
1.06362
1.04617
1.04664
1.01171
1.00395
1.01063
1.01723
1.02828
1.04544
1.05385
1.05067
1.04452
1.0355
1.04557
1.06411
1.06399
1.05417
1.05726
1.0337
1.03348
1.00648
1.00718
1.00035
0.993299
0.999203
0.993758
0.996071
0.986527
0.990517
0.989788
1.00733
1.01181
1.02209
1.02623
1.0407
1.04989
1.05005
1.0913
1.08016
1.0607
1.07179
1.07669
1.07119
1.0665
1.06958
1.05429
1.02887
1.02141
1.03943
1.04828
1.06971
1.0772
1.05626
1.05976
1.04733
1.01498
1.00903
1.02515
1.02812
1.02959
1.03515
1.03759
1.04494
1.0487
1.04217
1.03519
1.04385
1.027
1.02513
1.03034
1.03367
1.045
1.04572
1.03135
1.0351
1.0513
1.05295
1.05754
1.04827
1.05016
1.03972
1.04543
1.03508
1.03476
1.02034
1.00617
1.01305
1.01282
1.00307
0.988328
0.998478
0.991407
0.975906
0.990974
1.00574
1.01612
1.02662
1.03525
1.05533
1.05491
1.04806
1.08967
1.07061
1.07017
1.06588
1.06161
1.06245
1.0557
1.05051
1.03428
1.02173
1.02208
1.04616
1.03963
1.05005
1.06445
1.06236
1.06884
1.04619
1.03729
1.02661
1.02518
1.04115
1.03751
1.04261
1.0303
1.03305
1.03797
1.02306
1.02705
1.03342
1.03261
1.01948
1.02089
1.03571
1.02823
1.03666
1.02076
1.0226
1.03731
1.0481
1.06132
1.05568
1.04611
1.02623
1.03285
1.02985
1.0321
1.00752
0.995902
1.01648
1.01238
1.01956
1.00603
1.00074
0.988672
0.990012
0.997263
1.00718
1.03338
1.04471
1.04571
1.06472
1.06518
1.06379
1.09423
1.06222
1.06752
1.06565
1.06313
1.06326
1.0647
1.05332
1.04871
1.03879
1.02667
1.0247
1.03244
1.04052
1.05258
1.06116
1.05634
1.0536
1.04213
1.02604
1.03487
1.05188
1.04659
1.04116
1.03585
1.03093
1.02497
1.00838
0.996474
1.01696
1.01972
1.0247
1.02051
1.03215
1.02034
1.0322
1.03239
1.02959
1.03404
1.03811
1.04162
1.04607
1.04216
1.03771
1.04938
1.03474
1.02695
1.01071
1.00505
1.02947
1.02948
1.04153
1.03182
1.01722
1.00009
0.999637
1.00325
1.00031
1.02771
1.03517
1.04791
1.06386
1.06525
1.07196
1.0773
1.07093
1.0685
1.07602
1.07578
1.07078
1.07252
1.05749
1.04427
1.04205
1.0464
1.04852
1.04362
1.03844
1.05549
1.06103
1.06417
1.06086
1.04522
1.04702
1.04553
1.04571
1.05379
1.04681
1.03358
1.02432
1.01033
1.00413
0.990251
1.00359
1.00077
1.01356
1.0213
1.02442
1.02121
1.03179
1.03912
1.03687
1.02478
1.02431
1.03907
1.05425
1.05583
1.05416
1.05956
1.04678
1.04677
1.02882
1.02188
1.04284
1.0493
1.05162
1.05244
1.03676
1.01286
1.00465
0.99273
0.996376
1.02274
1.04351
1.0526
1.0673
1.07568
1.07239
1.05882
1.06455
1.07275
1.07313
1.07298
1.08156
1.07399
1.06414
1.05011
1.04303
1.04949
1.06239
1.06667
1.06026
1.07057
1.07019
1.06997
1.06475
1.05148
1.04437
1.03745
1.04697
1.05174
1.04493
1.03044
1.01502
1.00695
1.01076
0.992012
0.98879
1.00066
1.0202
1.01328
1.0115
1.01927
1.03512
1.04733
1.04338
1.03499
1.04879
1.05142
1.05732
1.07015
1.06748
1.07236
1.06257
1.03806
1.0159
1.01728
1.03653
1.05115
1.05475
1.04936
1.04295
1.03
1.01518
1.01427
1.01187
1.03079
1.04798
1.06721
1.0648
1.08404
1.09069
1.06772
1.07133
1.05723
1.06161
1.07371
1.07403
1.07658
1.0614
1.0533
1.04866
1.05085
1.04903
1.04932
1.04087
1.05329
1.06137
1.05452
1.05449
1.05308
1.04965
1.05069
1.05876
1.05054
1.0435
1.04009
1.01385
1.02563
1.0166
0.995079
0.98876
1.00373
1.02296
1.02757
1.01352
1.0258
1.04125
1.04834
1.04247
1.05511
1.07055
1.07741
1.07747
1.08316
1.07735
1.06448
1.05457
1.04482
1.02791
1.01966
1.03307
1.05255
1.0531
1.05204
1.0389
1.03577
1.03462
1.01523
1.02558
1.03723
1.04247
1.05868
1.06331
1.06804
1.09119
1.07493
1.06846
1.05699
1.05745
1.06504
1.06715
1.07599
1.07104
1.07299
1.06514
1.04994
1.04141
1.03996
1.03859
1.05303
1.04821
1.03827
1.04133
1.03913
1.03659
1.02882
1.02855
1.0258
1.027
1.02806
1.0112
1.0185
1.00428
0.989554
1.00617
1.02528
1.02516
1.02663
1.03167
1.03942
1.05945
1.0568
1.0529
1.06882
1.07477
1.08523
1.07801
1.07541
1.0802
1.07803
1.06332
1.04412
1.02883
1.03152
1.04358
1.04177
1.03537
1.03291
1.04467
1.04475
1.02405
1.00833
1.012
1.03429
1.0494
1.0543
1.06573
1.07635
1.09503
1.07558
1.07338
1.06721
1.06256
1.05267
1.06483
1.05979
1.06395
1.05657
1.04505
1.03822
1.02477
1.02839
1.04178
1.05303
1.05306
1.03853
1.02487
1.02748
1.03407
1.02055
1.009
1.01521
1.01636
1.01915
1.00581
1.01228
1.00323
0.991478
1.017
1.04097
1.04371
1.03609
1.04304
1.05033
1.06529
1.07766
1.07047
1.05596
1.06799
1.07418
1.07737
1.06347
1.08343
1.09823
1.06329
1.04532
1.04268
1.05458
1.0621
1.0395
1.02998
1.04172
1.05018
1.04311
1.02885
1.00303
1.01807
1.03565
1.05522
1.064
1.07243
1.07167
1.09852
1.08871
1.06958
1.0608
1.05452
1.05823
1.06783
1.0684
1.0615
1.04811
1.03236
1.02699
1.01346
1.02442
1.02455
1.03531
1.03186
1.02602
1.01333
1.02807
1.02717
1.01558
0.995548
1.00297
1.00119
1.00318
1.01394
1.02579
1.0024
1.00449
1.02273
1.0406
1.04909
1.04854
1.04667
1.04801
1.05321
1.06899
1.07095
1.0622
1.05429
1.0633
1.06738
1.07316
1.07899
1.08237
1.05424
1.04398
1.05311
1.07065
1.06529
1.05701
1.05395
1.05331
1.04052
1.0284
1.0191
1.00848
1.02368
1.05063
1.068
1.08001
1.08461
1.07903
1.08362
1.10018
1.08805
1.0651
1.0548
1.04177
1.05024
1.05171
1.04318
1.04226
1.03156
1.02544
1.01382
1.02218
1.03352
1.04882
1.03482
1.00988
1.01905
1.03269
1.02697
1.01645
0.993896
0.995128
1.01052
1.00548
1.01884
1.02077
1.01026
1.00449
1.0281
1.04008
1.0489
1.04278
1.06325
1.0578
1.05906
1.05605
1.05437
1.05196
1.04836
1.05183
1.0656
1.06869
1.0707
1.07253
1.06667
1.05754
1.07004
1.08239
1.08216
1.07106
1.04846
1.05197
1.04246
1.02949
1.02339
1.01263
1.01733
1.0446
1.06828
1.0837
1.08411
1.08001
1.08599
1.09681
1.07931
1.05928
1.06529
1.04872
1.05043
1.05196
1.04829
1.04929
1.03368
1.02165
1.02631
1.03834
1.03436
1.04046
1.03826
1.02519
1.03229
1.03352
1.03026
1.03198
1.012
1.01584
1.01619
1.0157
1.02729
1.05066
1.03789
1.03952
1.03856
1.04542
1.05704
1.056
1.06745
1.07036
1.06266
1.04527
1.05217
1.05106
1.05084
1.06349
1.05974
1.0668
1.0584
1.05022
1.07302
1.06649
1.07317
1.07628
1.08474
1.07513
1.05901
1.05061
1.03074
1.0232
1.02238
1.01708
1.02648
1.04649
1.0674
1.07542
1.07794
1.08881
1.10261
1.0706
1.05814
1.05097
1.04885
1.05812
1.05705
1.06002
1.04646
1.05425
1.03185
1.01281
1.02464
1.03176
1.03744
1.05101
1.0476
1.03751
1.03637
1.03601
1.04191
1.04874
1.02894
1.03544
1.03061
1.02176
1.03613
1.05313
1.05191
1.06311
1.05535
1.05072
1.06699
1.07035
1.0686
1.07888
1.07935
1.06925
1.0578
1.05587
1.04105
1.0426
1.04331
1.05351
1.0568
1.05041
1.0495
1.06372
1.07116
1.08481
1.09682
1.08122
1.06151
1.04739
1.02683
1.02188
1.02044
1.03008
1.04114
1.07585
1.08499
1.07912
1.07559
1.09748
1.11459
1.08166
1.05639
1.04008
1.04187
1.05574
1.05801
1.05559
1.05234
1.04376
1.04538
1.0343
1.03702
1.03296
1.03915
1.04897
1.04904
1.03961
1.03469
1.04741
1.05178
1.04698
1.04177
1.05609
1.06162
1.04048
1.03224
1.04589
1.05929
1.06348
1.06341
1.07032
1.06845
1.0672
1.06932
1.08868
1.093
1.08281
1.06551
1.06689
1.03861
1.04583
1.04012
1.03308
1.03088
1.03854
1.04741
1.06177
1.07894
1.09124
1.10431
1.08514
1.06254
1.03822
1.04311
1.04276
1.0391
1.05133
1.06345
1.07648
1.09016
1.0783
1.08149
1.10195
1.13212
1.08073
1.06488
1.04049
1.04632
1.04673
1.06124
1.05212
1.04494
1.03471
1.03808
1.0291
1.0261
1.03519
1.03151
1.04542
1.04504
1.03521
1.03723
1.04314
1.05077
1.04867
1.04518
1.04509
1.06466
1.04869
1.03859
1.06009
1.05389
1.06009
1.08405
1.08134
1.08088
1.07295
1.06293
1.07596
1.08689
1.08958
1.06606
1.06456
1.05575
1.04313
1.0307
1.01736
1.00821
1.01111
1.03467
1.05848
1.07195
1.07123
1.09252
1.07488
1.06795
1.05657
1.05288
1.06267
1.05226
1.06678
1.07451
1.09026
1.10838
1.088
1.093
1.10821
1.12374
1.06072
1.05545
1.05253
1.05232
1.03933
1.04047
1.03529
1.04122
1.03875
1.02531
1.01181
1.00507
1.02069
1.0216
1.03277
1.03884
1.04142
1.04538
1.04482
1.04528
1.02867
1.02157
1.02999
1.03802
1.03228
1.04085
1.05491
1.05273
1.05874
1.06856
1.07569
1.08356
1.07596
1.04874
1.06863
1.07902
1.09018
1.07445
1.05886
1.03483
1.02204
1.01975
1.01826
1.01948
1.02851
1.05211
1.06496
1.08052
1.08216
1.08597
1.08502
1.0752
1.05904
1.0537
1.06284
1.06582
1.08548
1.09777
1.10597
1.13136
1.12065
1.11312
1.1208
1.11908
1.06517
1.07
1.05948
1.05388
1.0427
1.03527
1.0375
1.04791
1.04976
1.03612
1.00006
0.996195
1.01468
1.00308
1.0093
1.02372
1.04158
1.03252
1.01963
1.01032
1.00194
1.00984
1.02002
1.02655
1.02655
1.03785
1.04285
1.05678
1.04717
1.05565
1.0632
1.07462
1.06164
1.04384
1.06576
1.07126
1.06644
1.07267
1.04384
1.02991
1.02009
1.02829
1.0237
1.03868
1.04979
1.0734
1.09173
1.10345
1.0914
1.09395
1.08955
1.08481
1.07519
1.06607
1.07466
1.08953
1.10532
1.10949
1.12341
1.13449
1.13221
1.12882
1.12901
1.13331
1.11147
1.08701
1.07007
1.05993
1.05405
1.04628
1.05143
1.0677
1.05779
1.04113
1.00488
0.995824
1.00541
1.00595
1.01949
1.01571
1.02992
1.02062
1.00169
1.00379
0.991232
1.00785
1.01337
1.01721
1.01951
1.03176
1.04211
1.04963
1.05143
1.04829
1.05717
1.06949
1.05198
1.04485
1.04497
1.05892
1.06133
1.06092
1.05381
1.03706
1.02161
1.02708
1.03981
1.0684
1.08705
1.09851
1.11656
1.12136
1.12753
1.10988
1.10852
1.10204
1.09247
1.08843
1.09748
1.10494
1.11903
1.12601
1.126
1.1433
1.13422
1.12857
1.13446
1.13996
1.15096
1.10073
1.07889
1.06014
1.04502
1.05114
1.06174
1.07674
1.06004
1.04357
1.01511
1.00769
1.00165
1.00817
1.01154
1.00342
1.01248
1.01458
1.00813
0.995809
0.976851
0.981255
0.991776
0.999623
1.02183
1.03858
1.04626
1.05749
1.05331
1.04935
1.05
1.06059
1.06589
1.0642
1.04318
1.05655
1.06557
1.07403
1.04923
1.02531
1.02029
1.0329
1.05053
1.08918
1.11031
1.12017
1.1362
1.14782
1.15007
1.13474
1.14792
1.12791
1.09962
1.09871
1.11649
1.12157
1.14359
1.13474
1.13936
1.15509
1.13693
1.1416
1.14031
1.15694
1.15683
1.12375
1.09414
1.06034
1.04355
1.06603
1.08091
1.08842
1.07588
1.05714
1.0339
1.01782
1.00202
1.00796
0.99924
0.999418
1.01116
1.02083
1.01802
1.00523
0.987811
0.97092
0.989472
0.990337
1.00987
1.04752
1.06964
1.06105
1.05743
1.06241
1.0677
1.0575
1.0736
1.08176
1.06216
1.05787
1.06757
1.08109
1.0568
1.02986
1.02957
1.05696
1.0685
1.10284
1.14022
1.1419
1.16941
1.16164
1.14016
1.13923
1.13786
1.14887
1.12294
1.10126
1.11015
1.12748
1.15357
1.1566
1.15628
1.16656
1.16307
1.16138
1.19067
1.17301
