0.0316975
0.0668268
0.0284932
0.0143418
0.0083558
0.00583559
0.00428681
0.00326257
0.00267733
0.00227151
0.00194083
0.00177131
0.00163746
0.00156327
0.00147683
0.00140895
0.00134742
0.00136624
0.00140809
0.00150061
0.00164606
0.00185113
0.00215363
0.00257141
0.00334237
0.00477016
0.00790574
0.0162005
0.0420275
0.0373692
0.02025
0.0743979
0.0702298
0.0511945
0.036853
0.0275233
0.0211835
0.0166714
0.014041
0.0119588
0.0102799
0.00924836
0.00843811
0.00778178
0.00736032
0.0071346
0.00696176
0.00696741
0.00709888
0.00743474
0.00822979
0.00926209
0.0108324
0.0127152
0.0156043
0.0203189
0.027467
0.0379175
0.0414892
0.0127117
0.0131119
0.0570311
0.0744755
0.0678884
0.0566947
0.0459198
0.0369644
0.0299072
0.0249481
0.0216784
0.0191006
0.0171808
0.0154929
0.014161
0.0134746
0.01317
0.0131189
0.0131223
0.0132234
0.0135991
0.01468
0.016259
0.0185358
0.0214617
0.0252483
0.0301391
0.0359026
0.039351
0.0304986
0.00691638
0.00867091
0.0398166
0.0605467
0.0648678
0.0601962
0.0529405
0.0448628
0.0379309
0.0323069
0.0282371
0.0251916
0.022818
0.0209248
0.0194204
0.0183901
0.0179904
0.0177248
0.0175428
0.0176074
0.0180987
0.019059
0.0205056
0.0226926
0.0254757
0.0285575
0.0318052
0.0343597
0.0324732
0.0213803
0.00447519
0.00591555
0.0287401
0.046767
0.054011
0.0540971
0.0507363
0.0455144
0.0400934
0.0355391
0.031579
0.0284412
0.0260023
0.0242909
0.0228322
0.0216779
0.0209267
0.0203216
0.0199374
0.019827
0.0201334
0.0211241
0.022518
0.024257
0.0260367
0.027839
0.0289174
0.0286876
0.024459
0.0143486
0.00281655
0.00423495
0.0209851
0.0357988
0.0438389
0.0463357
0.0456821
0.0429985
0.0391852
0.0352905
0.031837
0.0289835
0.0266796
0.0251808
0.0239458
0.0228157
0.0219389
0.0212548
0.0208169
0.0205767
0.0209435
0.0217452
0.0226677
0.0235736
0.024294
0.0245515
0.0241668
0.0224428
0.0176473
0.00977584
0.00191609
0.00305793
0.0151215
0.0267234
0.0344597
0.0383413
0.0394486
0.0385447
0.0361199
0.033211
0.0303031
0.0279749
0.0259472
0.0244327
0.0233546
0.0223282
0.0215516
0.021107
0.020968
0.0207173
0.020838
0.0211055
0.0213026
0.0215101
0.0213618
0.0207187
0.0195986
0.0171105
0.0126817
0.00672197
0.00129544
0.00217181
0.0110695
0.019858
0.0262998
0.0304228
0.0324444
0.0328468
0.0316648
0.0297507
0.027401
0.0255075
0.0239911
0.0227908
0.0219308
0.0209944
0.0203671
0.0199008
0.0197047
0.0196679
0.0194472
0.0193125
0.0191421
0.0187384
0.0180345
0.0169662
0.0154406
0.0128707
0.00910262
0.00466072
0.000871924
0.00155232
0.00822713
0.0150675
0.0205625
0.0241331
0.0260646
0.0269725
0.0268429
0.0260536
0.0245797
0.0232312
0.0218903
0.020628
0.0197909
0.019064
0.0185586
0.0182692
0.0179798
0.0178544
0.0176066
0.0173111
0.0168249
0.0160481
0.0150784
0.0138424
0.0120539
0.00963797
0.0066002
0.00329311
0.000580158
0.00113723
0.00610288
0.0114908
0.0159235
0.0192679
0.0211351
0.0220616
0.0222574
0.0221258
0.0215404
0.0207725
0.0198176
0.0187775
0.0179007
0.0172289
0.0167666
0.016644
0.0165127
0.0163376
0.0160569
0.0155806
0.0149021
0.0138814
0.0127166
0.0112132
0.00939687
0.00726824
0.00482529
0.00232206
0.000392629
0.00088259
0.00458269
0.00877815
0.0124119
0.0151994
0.0170858
0.0179723
0.018233
0.0182923
0.0181853
0.0177599
0.0173786
0.0167662
0.0161465
0.0156496
0.0151811
0.0149764
0.0150183
0.0149643
0.0146147
0.0139493
0.0131592
0.0120952
0.01073
0.00916283
0.00747262
0.00551255
0.00348375
0.00162269
0.000266301
0.00065208
0.00341481
0.00664178
0.00960812
0.0119241
0.0135662
0.0146063
0.015014
0.0152565
0.0153251
0.0151907
0.015037
0.014861
0.0144913
0.0140737
0.0137886
0.0136636
0.0136964
0.0136142
0.0132062
0.0125157
0.0115977
0.0104649
0.009078
0.00760032
0.00594802
0.00416328
0.00251605
0.00112021
0.000174169
0.000467524
0.00256936
0.00507793
0.0073568
0.00937174
0.0107937
0.0118609
0.0125585
0.0129748
0.0132871
0.013397
0.0133107
0.0132348
0.0131227
0.0130223
0.0130785
0.0129734
0.0127806
0.0125291
0.0120417
0.0112525
0.0102692
0.00909299
0.0077992
0.00636167
0.00475415
0.00322278
0.00186677
0.00078904
0.000110921
0.00033699
0.00194204
0.00386519
0.0056553
0.0073102
0.00872852
0.00970788
0.0105435
0.0112088
0.0118004
0.0121349
0.0121985
0.0122107
0.0123109
0.012445
0.0125826
0.0125574
0.012222
0.0117443
0.0111224
0.0103164
0.00929555
0.00813594
0.00682588
0.00542807
0.00400383
0.00265916
0.00147126
0.000582697
7.36831e-05
0.000254829
0.00145829
0.00293266
0.00440586
0.00577989
0.00706035
0.00811445
0.00900075
0.00988579
0.0106759
0.0113303
0.0116889
0.0118782
0.0121016
0.0123143
0.012375
0.0123155
0.0119417
0.0113509
0.0106148
0.00968006
0.00859419
0.00745353
0.00617066
0.00487234
0.0035683
0.00231719
0.00124715
0.000469653
5.48242e-05
0.000185438
0.00108279
0.00226598
0.0035223
0.00477661
0.0059435
0.00699005
0.00796847
0.00896619
0.00992938
0.0107918
0.0114627
0.0118672
0.0121376
0.0123045
0.0123727
0.0121545
0.0117226
0.011141
0.0103773
0.00941778
0.00827376
0.00707556
0.00583712
0.00458715
0.00334301
0.00217166
0.00118058
0.000445253
5.13599e-05
0.000134399
0.000810612
0.00175717
0.00288041
0.00406161
0.00520816
0.00625346
0.00730591
0.00838393
0.00943326
0.0103588
0.0111668
0.0116734
0.0119403
0.012061
0.0120824
0.0118305
0.0113554
0.0108853
0.0101992
0.00934284
0.00824003
0.00700296
0.00583131
0.00458023
0.00337558
0.00224143
0.00126747
0.000499444
6.30048e-05
9.31443e-05
0.000620026
0.00142812
0.00244684
0.00358416
0.00473848
0.00582222
0.00684653
0.00794506
0.00903878
0.0100221
0.0108041
0.0113392
0.0116542
0.0116779
0.0115896
0.011469
0.0111566
0.0107211
0.0101094
0.0093599
0.00838346
0.00728287
0.00615871
0.00490752
0.00368317
0.0025248
0.00149375
0.000630118
8.83224e-05
6.76671e-05
0.000501456
0.00123856
0.0022255
0.00335254
0.00450892
0.00565593
0.00675274
0.00784262
0.00884907
0.00974359
0.0104284
0.0108946
0.011256
0.0113175
0.0111965
0.0111676
0.0110309
0.0106905
0.0101767
0.0095619
0.00874411
0.00780664
0.00672164
0.00555374
0.00431373
0.00309938
0.0019195
0.000859186
0.000130494
5.35893e-05
0.000443777
0.00116206
0.00214429
0.00330155
0.00450751
0.00567464
0.00678876
0.00781024
0.00869971
0.00956309
0.0101632
0.010537
0.0108441
0.0109977
0.0110433
0.0110461
0.0109984
0.0108176
0.0105251
0.010047
0.00942384
0.0085754
0.00757563
0.00644207
0.00522107
0.0039224
0.00255477
0.00120486
0.00019864
5.14927e-05
0.000444633
0.00118078
0.002178
0.00332992
0.0045256
0.00570734
0.00677129
0.007693
0.0085613
0.00931928
0.00988991
0.01024
0.010534
0.0108126
0.0109812
0.011042
0.0111016
0.0110735
0.0109744
0.0107193
0.0102085
0.00956345
0.00876824
0.00770061
0.00646871
0.0050528
0.00344962
0.00168434
0.00029392
6.31292e-05
0.000516208
0.00132066
0.00234746
0.00351092
0.00469582
0.0058072
0.00676419
0.00761075
0.00840266
0.00908626
0.00961089
0.0100318
0.0104225
0.0108262
0.0110553
0.0111929
0.01134
0.0114425
0.0115562
0.0115917
0.0113175
0.0108333
0.010278
0.00951919
0.00828927
0.00666421
0.00468974
0.00240392
0.000434177
9.43095e-05
0.000686579
0.0015971
0.00267156
0.00381619
0.00493585
0.00597055
0.00682414
0.00758848
0.00830097
0.00896911
0.0095255
0.0099704
0.0104269
0.0108665
0.0111593
0.0113314
0.0115586
0.0118413
0.0121095
0.0122991
0.0124838
0.0123837
0.0121119
0.011684
0.0107328
0.00895417
0.00647886
0.00343389
0.000635895
0.000156257
0.00098692
0.00207954
0.00319845
0.00427675
0.0052324
0.00609581
0.00686992
0.00760619
0.0082869
0.00894683
0.00958109
0.00989333
0.0102829
0.0107216
0.0109987
0.0112555
0.011591
0.0120006
0.0124465
0.0128755
0.013364
0.0137286
0.0138835
0.0138696
0.0133468
0.0117843
0.00897468
0.00502409
0.000977364
0.000267334
0.00147337
0.00283789
0.00395375
0.00482045
0.00552961
0.00614333
0.00679239
0.00741201
0.00794468
0.00852564
0.0091063
0.00950514
0.00983142
0.0100974
0.0104134
0.0107169
0.0111298
0.0116024
0.0122526
0.0129854
0.0138012
0.0146531
0.0152445
0.0157707
0.0160283
0.015033
0.0121708
0.00717013
0.00148691
0.000473931
0.00228714
0.00387897
0.00485593
0.00541666
0.00577351
0.00613849
0.00654343
0.00696949
0.00733537
0.00779519
0.00820241
0.00862857
0.00890113
0.0091061
0.00938381
0.00973741
0.0102034
0.0106612
0.0114054
0.0123044
0.0133797
0.0147491
0.0162051
0.0174439
0.018607
0.0187469
0.0163412
0.010336
0.00228631
0.000863595
0.0035355
0.00515525
0.00567366
0.00574907
0.00579446
0.00585348
0.00592045
0.00605135
0.00629755
0.00653045
0.00678742
0.00713221
0.0073302
0.00758674
0.00783065
0.00825562
0.00872452
0.00928234
0.00996797
0.0109188
0.0121059
0.0135747
0.0155397
0.0177277
0.0199584
0.022061
0.0213054
0.0149643
0.00380085
0.00176443
0.00524138
0.00606609
0.00571
0.00532213
0.00499698
0.00473993
0.0045905
0.00453398
0.00463373
0.00472778
0.00483568
0.00498948
0.00515903
0.00537557
0.0056181
0.00594939
0.00644448
0.00695251
0.00760361
0.00850109
0.00950921
0.010765
0.0125133
0.0150088
0.0182004
0.0222513
0.0251484
0.0214699
0.00701077
0.00440018
0.00637823
0.00527665
0.00411716
0.00344875
0.00310457
0.0028296
0.00261477
0.00248693
0.00246782
0.00249313
0.00251731
0.00256154
0.00269385
0.00279715
0.00295401
0.00312529
0.00346236
0.00380605
0.00424609
0.00477925
0.00536422
0.0061083
0.00716437
0.00900576
0.0117058
0.0158128
0.0212972
0.0256037
0.0151562
0.0102507
0.00303728
0.00158608
0.00103332
0.000785366
0.000651231
0.000575644
0.000506564
0.000477481
0.000461117
0.000456048
0.000467983
0.000485116
0.000494222
0.00052278
0.000565135
0.000606551
0.000658836
0.000722694
0.000795979
0.000893035
0.00103991
0.00118911
0.00143242
0.00189358
0.0026101
0.00385457
0.00652897
0.0126507
0.0313364
