2.86818
7.49886
8.7818
9.22971
9.43094
9.54127
9.61205
9.66002
9.69464
9.71894
9.73715
9.75157
9.76266
9.77101
9.77659
9.78007
9.78112
9.77977
9.77646
9.77043
9.76058
9.74644
9.72603
9.69467
9.64668
9.56653
9.41156
9.04636
7.95459
3.87202
3.68233
5.8705
7.2044
7.95561
8.39761
8.67583
8.86462
8.99682
9.09292
9.16368
9.21788
9.25973
9.29216
9.31619
9.33369
9.34413
9.34742
9.34571
9.33677
9.31959
9.2911
9.25008
9.19136
9.105
8.97771
8.78157
8.45652
7.88635
6.86476
5.22823
3.66296
5.09096
6.20977
6.99317
7.53059
7.90356
8.17084
8.36759
8.51471
8.62645
8.71187
8.77814
8.82985
8.86899
8.8971
8.9142
8.92106
8.91914
8.90562
8.879
8.83643
8.77378
8.68528
8.56004
8.38269
8.12514
7.74504
7.18191
6.38
5.39321
3.54461
4.61952
5.54465
6.27197
6.82321
7.23633
7.54827
7.78706
7.97132
8.11527
8.22654
8.31329
8.38109
8.43309
8.47036
8.49413
8.50521
8.50311
8.48631
8.45265
8.40016
8.323
8.21503
8.06805
7.86698
7.59067
7.21481
6.71285
6.07713
5.35317
3.44156
4.30115
5.07461
5.72473
6.25082
6.66956
7.0003
7.26136
7.46871
7.63403
7.76537
7.86857
7.94918
8.0116
8.05654
8.08625
8.10123
8.10069
8.08212
8.04458
7.98632
7.90199
7.78566
7.63077
7.42499
7.15494
6.80847
6.37585
5.86125
5.29128
3.36402
4.07266
4.72748
5.30082
5.78619
6.18941
6.51978
6.78945
7.00844
7.18589
7.33007
7.44499
7.53568
7.60575
7.65783
7.693
7.71186
7.71355
7.69605
7.65784
7.59819
7.51291
7.39689
7.24364
7.04531
6.79516
6.48776
6.11989
5.69754
5.23725
3.30529
3.89958
4.45886
4.96357
5.40397
5.78137
6.10036
6.36736
6.5892
6.77171
6.92202
7.0446
7.14187
7.21811
7.27611
7.31606
7.33839
7.34229
7.32746
7.29252
7.23529
7.15403
7.04404
6.8997
6.71737
6.49427
6.22755
5.91678
5.56753
5.19259
3.25904
3.76484
4.24546
4.68857
5.08521
5.43192
5.73249
5.99056
6.20874
6.39129
6.54267
6.66827
6.76978
6.85038
6.91223
6.95591
6.98138
6.98865
6.97782
6.94774
6.89614
6.82247
6.72258
6.59276
6.43161
6.23794
6.01045
5.75001
5.46191
5.15617
3.22197
3.65677
4.07264
4.46095
4.81527
5.13113
5.40938
5.65319
5.86319
6.04146
6.19117
6.31599
6.41923
6.50172
6.56568
6.61232
6.64204
6.65398
6.64852
6.6246
6.58128
6.51723
6.42985
6.3178
6.17985
6.01597
5.82526
5.60956
5.37444
5.12688
3.1916
3.56646
3.92741
4.2686
4.58372
4.8687
5.12412
5.35059
5.54862
5.71941
5.86498
5.98764
6.08996
6.17288
6.23825
6.28737
6.32062
6.33767
6.33826
6.32206
6.28819
6.23486
6.16225
6.06943
5.9554
5.8204
5.66422
5.48934
5.30008
5.10165
3.16617
3.49014
3.80316
4.10212
4.38139
4.63697
4.86833
5.0766
5.26135
5.42203
5.56133
5.68023
5.78027
5.86296
5.92944
5.98008
6.01648
6.03823
6.04523
6.03717
6.0131
5.97252
5.91552
5.84228
5.75218
5.64488
5.52107
5.38311
5.23494
5.07969
3.14335
3.42379
3.6957
3.95631
4.20203
4.42946
4.63733
4.82609
4.99633
5.14663
5.27763
5.39123
5.48785
5.56892
5.63583
5.68824
5.72743
5.75418
5.768
5.76846
5.75515
5.72797
5.68718
5.6331
5.56592
5.48495
5.39176
5.28819
5.1768
5.05985
3.12286
3.36459
3.60007
3.82631
4.04103
4.24116
4.4261
4.59551
4.74978
4.88851
5.01072
5.11822
5.21084
5.28935
5.35531
5.40982
5.45222
5.48393
5.50435
5.5134
5.51129
5.49801
5.47363
5.43857
5.39321
5.33761
5.27322
5.20126
5.12342
5.04166
3.10451
3.31131
3.51333
3.708
3.89417
4.06881
4.2312
4.38161
4.51983
4.64556
4.75816
4.85805
4.9462
5.02268
5.08799
5.14333
5.18875
5.22464
5.25144
5.26899
5.27802
5.27864
5.27049
5.25441
5.2303
5.19935
5.16237
5.12009
5.07379
5.02492
3.08796
3.26213
3.43313
3.59886
3.75795
3.90863
4.04975
4.1818
4.30396
4.41627
4.51849
4.61053
4.69308
4.76691
4.83156
4.88741
4.93545
4.97521
5.00813
5.03445
5.05415
5.06768
5.07553
5.07758
5.07458
5.06751
5.05677
5.04292
5.02674
5.00908
3.07252
3.21637
3.35803
3.49641
3.6298
3.75732
3.87804
3.99218
4.09927
4.19817
4.28969
4.37377
4.45069
4.52009
4.58306
4.63948
4.68962
4.73359
4.77217
4.8064
4.83645
4.8629
4.8861
4.90599
4.92355
4.93951
4.95405
4.96784
4.98098
4.99368
3.05778
3.17257
3.2864
3.39843
3.5074
3.61242
3.71322
3.80957
3.90179
3.98805
4.0685
4.14447
4.21538
4.28038
4.34063
4.39655
4.44835
4.49638
4.54057
4.58172
4.62167
4.66041
4.69835
4.73604
4.77403
4.81276
4.85244
4.89349
4.93561
4.97839
3.04346
3.13017
3.21671
3.30295
3.38814
3.47172
3.55291
3.63185
3.70904
3.78308
3.85309
3.9205
3.98493
4.04532
4.10257
4.15733
4.21003
4.26108
4.31038
4.35852
4.4076
4.45798
4.51034
4.56526
4.6233
4.68475
4.74965
4.81807
4.88964
4.96289
3.02928
3.08799
3.1476
3.20832
3.26999
3.33244
3.39502
3.457
3.51938
3.58135
3.64148
3.70008
3.7575
3.81305
3.86715
3.92035
3.97303
4.0257
4.07927
4.13451
4.19179
4.25327
4.31964
4.39117
4.46858
4.55267
4.64314
4.73966
4.84154
4.94666
3.01486
3.04517
3.07753
3.11265
3.15083
3.19202
3.23614
3.28226
3.33018
3.38021
3.43089
3.4812
3.53178
3.58251
3.63293
3.68401
3.73604
3.78937
3.84605
3.90703
3.97221
4.04377
4.12307
4.21071
4.30731
4.41398
4.5307
4.65663
4.79018
4.92918
2.99976
3.00057
3.00478
3.01383
3.02832
3.04849
3.0744
3.10507
3.13933
3.17753
3.21875
3.26162
3.30593
3.35172
3.39813
3.44636
3.49723
3.55148
3.61046
3.67512
3.74676
3.8271
3.91785
4.02036
4.13546
4.26481
4.40857
4.56589
4.73408
4.91002
2.98351
2.95263
2.92699
2.90906
2.90012
2.89998
2.90858
2.92446
2.94637
2.97352
3.00502
3.04015
3.078
3.1185
3.16121
3.20643
3.25568
3.30997
3.37011
3.43722
3.5131
3.60013
3.70045
3.81637
3.94899
4.1009
4.27255
4.46343
4.67014
4.88813
2.96533
2.89933
2.84164
2.79589
2.76356
2.74414
2.73638
2.73844
2.74868
2.76559
2.78819
2.81544
2.84706
2.88253
2.92131
2.96345
3.01045
3.06331
3.12267
3.19043
3.26851
3.35986
3.46776
3.59467
3.7432
3.91657
4.11725
4.3444
4.59494
4.86216
2.94403
2.83776
2.74505
2.67045
2.6149
2.57704
2.55399
2.54347
2.54338
2.55163
2.56652
2.58671
2.61241
2.64305
2.6777
2.71632
2.76007
2.80992
2.86716
2.93356
3.01178
3.10446
3.21613
3.35082
3.51259
3.70548
3.93444
4.20115
4.5026
4.82991
2.9176
2.76282
2.6307
2.52629
2.44855
2.39401
2.3585
2.33829
2.3302
2.33157
2.34018
2.35455
2.3743
2.39908
2.42898
2.4634
2.5033
2.549
2.60238
2.66552
2.74071
2.83142
2.94225
3.0794
3.24922
3.4582
3.71342
4.02191
4.3835
4.78734
2.88147
2.66498
2.48884
2.35519
2.25871
2.19175
2.14764
2.12106
2.10738
2.10385
2.10747
2.11733
2.13237
2.15201
2.17705
2.20661
2.24082
2.28079
2.32802
2.38505
2.45395
2.53819
2.64333
2.77651
2.9461
3.16236
3.43814
3.78767
4.22025
4.7273
2.82556
2.52819
2.30528
2.14741
2.0394
1.96664
1.91938
1.89016
1.87415
1.86768
1.86825
1.87511
1.88615
1.90123
1.92084
1.94502
1.97292
2.00599
2.04523
2.09285
2.15163
2.22496
2.31755
2.43801
2.59623
2.80607
3.08869
3.4706
3.98049
4.6298
2.72081
2.31853
2.05699
1.89085
1.78467
1.7169
1.67381
1.64715
1.63202
1.62503
1.62433
1.62825
1.63578
1.6466
1.66048
1.6784
1.69944
1.72438
1.75407
1.79021
1.835
1.89182
1.96586
2.06312
2.19513
2.37823
2.64047
3.02635
3.60156
4.44502
2.4647
1.96797
1.71436
1.57488
1.49308
1.44345
1.4125
1.39375
1.38291
1.37797
1.3768
1.37835
1.38243
1.38908
1.39737
1.40807
1.42143
1.43736
1.45641
1.47883
1.50673
1.54292
1.59114
1.65504
1.74403
1.87398
2.07194
2.39394
2.95796
4.00562
1.64006
1.3743
1.2584
1.20111
1.16969
1.15104
1.13969
1.13261
1.12862
1.12684
1.12636
1.12682
1.12819
1.13027
1.13311
1.13668
1.14129
1.14686
1.15351
1.16078
1.16997
1.18275
1.19932
1.22187
1.25397
1.30257
1.37999
1.52144
1.82802
2.64172
